# Pt	errPt	res	errRes
0.50000000	0.28867513	47.385433	0.30721972
1.5000000	0.28867513	22.052392	0.10373728
2.5000000	0.28867513	13.906897	0.099405708
3.5000000	0.28867513	9.9321473	0.073786989
4.5000000	0.28867513	8.0481324	0.060945883
5.5000000	0.28867513	6.9032528	0.051073167
6.5000000	0.28867513	6.0495300	0.043043739
7.5000000	0.28867513	5.4811543	0.039924355
8.5000000	0.28867513	4.8956240	0.034413626
9.5000000	0.28867513	4.6725695	0.034689933
10.500000	0.28867513	4.2420591	0.066327674
11.500000	0.28867513	3.9750527	0.084065703
12.500000	0.28867513	3.5916082	0.077529278
13.500000	0.28867513	3.4587883	0.075214708
14.500000	0.28867513	3.2632516	0.071597869
15.500000	0.28867513	3.1981895	0.066902354
16.500000	0.28867513	3.0526952	0.066577602
17.500000	0.28867513	2.9999064	0.066234229
18.500000	0.28867513	2.8031624	0.057602371
19.500000	0.28867513	2.7399855	0.057041865
20.500000	0.28867513	2.4833790	0.053761376
21.500000	0.28867513	2.6110506	0.058705818
22.500000	0.28867513	2.3912619	0.047696072
23.500000	0.28867513	2.5461984	0.054809407
24.500000	0.28867513	2.3431868	0.048545611
25.500000	0.28867513	2.2585026	0.049292243
26.500000	0.28867513	2.1075230	0.043173336
27.500000	0.28867513	2.1697339	0.047047606
28.500000	0.28867513	2.0339705	0.041464939
29.500000	0.28867513	1.9939728	0.042535095
30.500000	0.28867513	1.9146150	0.038773586
31.500000	0.28867513	2.0300891	0.042692724
32.500000	0.28867513	1.8962635	0.039957949
33.500000	0.28867513	1.8405395	0.040728097
34.500000	0.28867513	1.8320900	0.040751445
35.500000	0.28867513	1.8006289	0.041258689
36.500000	0.28867513	1.8495525	0.044047120
37.500000	0.28867513	1.7097110	0.039929535
38.500000	0.28867513	1.6687741	0.036306628
39.500000	0.28867513	1.7089861	0.038525359
40.500000	0.28867513	1.5903453	0.035072447
41.500000	0.28867513	1.5285181	0.035520353
42.500000	0.28867513	1.5738700	0.038399106
43.500000	0.28867513	1.5139911	0.034136899
44.500000	0.28867513	1.5068525	0.032810121
45.500000	0.28867513	1.4991499	0.034498974
46.500000	0.28867513	1.4921109	0.034483498
47.500000	0.28867513	1.4219085	0.029805122
48.500000	0.28867513	1.5236172	0.033757798
49.500000	0.28867513	1.4631645	0.032551388
50.500000	0.28867513	1.4224152	0.030839117
51.500000	0.28867513	1.4296285	0.032615804
52.500000	0.28867513	1.3561622	0.030925393
53.500000	0.28867513	1.4034765	0.029887451
54.500000	0.28867513	1.3405785	0.033059481
55.500000	0.28867513	1.3545864	0.028218081
56.500000	0.28867513	1.3477625	0.027119442
57.500000	0.28867513	1.3358045	0.029040292
58.500000	0.28867513	1.3508132	0.029987713
59.500000	0.28867513	1.3514580	0.029994778
60.500000	0.28867513	1.2581247	0.026508605
61.500000	0.28867513	1.2577942	0.025053515
62.500000	0.28867513	1.3195670	0.027586007
63.500000	0.28867513	1.2254957	0.027651762
64.500000	0.28867513	1.2996044	0.029380774
65.500000	0.28867513	1.2224598	0.027615347
66.500000	0.28867513	1.1706512	0.024633131
67.500000	0.28867513	1.2393353	0.024943361
68.500000	0.28867513	1.2798596	0.027512216
69.500000	0.28867513	1.1806193	0.026476755
70.500000	0.28867513	1.1995573	0.025733016
71.500000	0.28867513	1.2120231	0.025484291
72.500000	0.28867513	1.1550235	0.026091503
73.500000	0.28867513	1.1885677	0.029214866
74.500000	0.28867513	1.1430646	0.023493655
75.500000	0.28867513	1.1684541	0.024881337
76.500000	0.28867513	1.1400834	0.025858763
77.500000	0.28867513	1.0681918	0.022471021
78.500000	0.28867513	1.1426682	0.026116452
79.500000	0.28867513	1.1558998	0.025524080
80.500000	0.28867513	1.1165932	0.023989040
81.500000	0.28867513	1.1151306	0.023051847
82.500000	0.28867513	1.1046056	0.022763339
83.500000	0.28867513	1.1548500	0.023081532
84.500000	0.28867513	1.1412246	0.025455072
85.500000	0.28867513	1.1231429	0.023681467
86.500000	0.28867513	1.0942421	0.022805992
87.500000	0.28867513	1.1197925	0.024221649
88.500000	0.28867513	1.0863954	0.022720360
89.500000	0.28867513	1.0565811	0.021377021
90.500000	0.28867513	1.0782173	0.022235442
91.500000	0.28867513	1.1227836	0.022446042
92.500000	0.28867513	1.0976935	0.023786281
93.500000	0.28867513	1.0796812	0.022371543
94.500000	0.28867513	1.1039082	0.022113894
95.500000	0.28867513	1.0776949	0.022442432
96.500000	0.28867513	1.0242468	0.021254353
97.500000	0.28867513	1.0248196	0.021641663
98.500000	0.28867513	1.1217784	0.023479619
