# Pt	errPt	res	errRes
0.50000000	0.28867513	32.675288	0.20464546
1.5000000	0.28867513	17.892108	0.13011833
2.5000000	0.28867513	11.267065	0.084301780
3.5000000	0.28867513	8.7107815	0.061984254
4.5000000	0.28867513	7.4002437	0.054469109
5.5000000	0.28867513	6.3862037	0.046942241
6.5000000	0.28867513	5.7373299	0.042503809
7.5000000	0.28867513	5.1010099	0.036838789
8.5000000	0.28867513	4.7181790	0.034649399
9.5000000	0.28867513	4.3479702	0.031109179
10.500000	0.28867513	4.0667610	0.066158693
11.500000	0.28867513	3.7910608	0.080153046
12.500000	0.28867513	3.4750655	0.074823589
13.500000	0.28867513	3.2416394	0.069546311
14.500000	0.28867513	3.0645748	0.062896692
15.500000	0.28867513	2.9181558	0.058796312
16.500000	0.28867513	2.8067030	0.061052266
17.500000	0.28867513	2.8791270	0.060019190
18.500000	0.28867513	2.6502266	0.054460553
19.500000	0.28867513	2.6499245	0.061353662
20.500000	0.28867513	2.4478426	0.054000291
21.500000	0.28867513	2.3300233	0.049715293
22.500000	0.28867513	2.2769169	0.045486314
23.500000	0.28867513	2.2218431	0.052408530
24.500000	0.28867513	2.1410350	0.044645110
25.500000	0.28867513	2.2126504	0.047999776
26.500000	0.28867513	2.1564506	0.049147361
27.500000	0.28867513	2.0673329	0.044445644
28.500000	0.28867513	2.0709316	0.042890699
29.500000	0.28867513	2.0184019	0.042532314
30.500000	0.28867513	1.9901243	0.042026191
31.500000	0.28867513	2.0223485	0.042056349
32.500000	0.28867513	1.9046594	0.043597077
33.500000	0.28867513	1.9084587	0.038743604
34.500000	0.28867513	1.8387014	0.042061007
35.500000	0.28867513	1.8433661	0.042464755
36.500000	0.28867513	1.7405095	0.040596464
37.500000	0.28867513	1.7669481	0.040914944
38.500000	0.28867513	1.7330931	0.040980751
39.500000	0.28867513	1.7765161	0.040051152
40.500000	0.28867513	1.7643991	0.037746916
41.500000	0.28867513	1.8318421	0.043127910
42.500000	0.28867513	1.6326052	0.035248983
43.500000	0.28867513	1.7257329	0.040630715
44.500000	0.28867513	1.6517940	0.036073644
45.500000	0.28867513	1.6062883	0.035639560
46.500000	0.28867513	1.6880624	0.037385396
47.500000	0.28867513	1.6383538	0.036917524
48.500000	0.28867513	1.6904356	0.038080863
49.500000	0.28867513	1.6100831	0.036693332
50.500000	0.28867513	1.6767919	0.035201869
51.500000	0.28867513	1.5347699	0.033056321
52.500000	0.28867513	1.5594996	0.034798216
53.500000	0.28867513	1.5561714	0.035475159
54.500000	0.28867513	1.5969137	0.035255692
55.500000	0.28867513	1.5317480	0.032978295
56.500000	0.28867513	1.5981495	0.035878888
57.500000	0.28867513	1.5744930	0.036069702
58.500000	0.28867513	1.6190586	0.034698331
59.500000	0.28867513	1.5063163	0.030602307
60.500000	0.28867513	1.5603253	0.034037353
61.500000	0.28867513	1.5387516	0.031668040
62.500000	0.28867513	1.5094506	0.031636044
63.500000	0.28867513	1.5533797	0.035261754
64.500000	0.28867513	1.4717290	0.032746427
65.500000	0.28867513	1.5325493	0.032083179
66.500000	0.28867513	1.5059418	0.032348927
67.500000	0.28867513	1.4593376	0.031518118
68.500000	0.28867513	1.5553659	0.034496056
69.500000	0.28867513	1.4840555	0.032373266
70.500000	0.28867513	1.5030962	0.032488203
71.500000	0.28867513	1.4974258	0.032617022
72.500000	0.28867513	1.4702935	0.033813101
73.500000	0.28867513	1.4175571	0.031846405
74.500000	0.28867513	1.4598001	0.031637643
75.500000	0.28867513	1.4207348	0.034663346
76.500000	0.28867513	1.4060054	0.029879805
77.500000	0.28867513	1.4488824	0.033467438
78.500000	0.28867513	1.4654910	0.032025504
79.500000	0.28867513	1.4602736	0.032762411
80.500000	0.28867513	1.4441577	0.030796911
81.500000	0.28867513	1.4341761	0.031115609
82.500000	0.28867513	1.4345746	0.030506307
83.500000	0.28867513	1.3887967	0.031953743
84.500000	0.28867513	1.4167876	0.029687681
85.500000	0.28867513	1.3920165	0.029654416
86.500000	0.28867513	1.4843731	0.032129119
87.500000	0.28867513	1.4221677	0.032082641
88.500000	0.28867513	1.4459470	0.032311725
89.500000	0.28867513	1.4514382	0.030729101
90.500000	0.28867513	1.4300380	0.031073713
91.500000	0.28867513	1.4622692	0.032328300
92.500000	0.28867513	1.3994133	0.030673894
93.500000	0.28867513	1.4411302	0.032390297
94.500000	0.28867513	1.4427614	0.030531802
95.500000	0.28867513	1.4481902	0.029355277
96.500000	0.28867513	1.4199491	0.031054799
97.500000	0.28867513	1.4204219	0.030577752
98.500000	0.28867513	1.4158640	0.032188819
