# Pt	errPt	res	errRes
0.50000000	0.28867513	28.607589	0.17922520
1.5000000	0.28867513	16.533165	0.11954357
2.5000000	0.28867513	10.668123	0.076617993
3.5000000	0.28867513	8.5457414	0.060894444
4.5000000	0.28867513	7.0792656	0.052387140
5.5000000	0.28867513	6.1533321	0.045021938
6.5000000	0.28867513	5.3745315	0.038856142
7.5000000	0.28867513	4.8706799	0.034586726
8.5000000	0.28867513	4.3933174	0.032201400
9.5000000	0.28867513	4.1524472	0.029949428
10.500000	0.28867513	3.7539858	0.058134872
11.500000	0.28867513	3.4135336	0.073124751
12.500000	0.28867513	3.2521730	0.069753964
13.500000	0.28867513	3.1109981	0.071005680
14.500000	0.28867513	3.0446313	0.068366342
15.500000	0.28867513	2.8489722	0.054206668
16.500000	0.28867513	2.9054769	0.060426322
17.500000	0.28867513	2.6571224	0.059433935
18.500000	0.28867513	2.5317457	0.051803241
19.500000	0.28867513	2.6203705	0.058264403
20.500000	0.28867513	2.4039966	0.049999925
21.500000	0.28867513	2.4853068	0.055482015
22.500000	0.28867513	2.4599336	0.051791192
23.500000	0.28867513	2.3705409	0.049475957
24.500000	0.28867513	2.3648863	0.050763604
25.500000	0.28867513	2.3638799	0.056322020
26.500000	0.28867513	2.2482109	0.047304551
27.500000	0.28867513	2.2422362	0.047369598
28.500000	0.28867513	2.2181661	0.046125029
29.500000	0.28867513	2.2096043	0.044897412
30.500000	0.28867513	2.1537476	0.043875510
31.500000	0.28867513	2.1548921	0.042985621
32.500000	0.28867513	2.0865943	0.046414738
33.500000	0.28867513	2.1733544	0.043274432
34.500000	0.28867513	2.0673648	0.042065656
35.500000	0.28867513	2.2157167	0.046646074
36.500000	0.28867513	1.9536137	0.043716132
37.500000	0.28867513	2.0617353	0.043899068
38.500000	0.28867513	2.0657579	0.042473890
39.500000	0.28867513	2.0812056	0.042423958
40.500000	0.28867513	2.0407576	0.042516823
41.500000	0.28867513	2.0387877	0.042033000
42.500000	0.28867513	1.9965838	0.041149507
43.500000	0.28867513	1.9563101	0.042239052
44.500000	0.28867513	2.0189297	0.040813579
45.500000	0.28867513	2.0430417	0.042728730
46.500000	0.28867513	1.9232362	0.044143141
47.500000	0.28867513	2.0223746	0.038765398
48.500000	0.28867513	2.0109909	0.039597016
49.500000	0.28867513	1.9973658	0.040681674
50.500000	0.28867513	2.0415199	0.043955754
51.500000	0.28867513	1.8699936	0.043904473
52.500000	0.28867513	1.8692602	0.036692713
53.500000	0.28867513	1.9862463	0.039089875
54.500000	0.28867513	1.9338090	0.038540946
55.500000	0.28867513	1.7818552	0.040743502
56.500000	0.28867513	1.9271748	0.039489818
57.500000	0.28867513	1.9011530	0.042935825
58.500000	0.28867513	1.9155799	0.039245798
59.500000	0.28867513	1.8877965	0.042223880
60.500000	0.28867513	1.9935680	0.040747150
61.500000	0.28867513	1.9467448	0.042461738
62.500000	0.28867513	1.9453263	0.045833013
63.500000	0.28867513	1.8116349	0.041840882
64.500000	0.28867513	1.8106244	0.041104225
65.500000	0.28867513	1.8987463	0.041910373
66.500000	0.28867513	1.9716461	0.049013403
67.500000	0.28867513	1.8637699	0.039937662
68.500000	0.28867513	1.8372683	0.038854232
69.500000	0.28867513	1.8958931	0.041053179
70.500000	0.28867513	1.8998152	0.041515809
71.500000	0.28867513	1.8604880	0.040430196
72.500000	0.28867513	1.8759512	0.047044865
73.500000	0.28867513	2.0090587	0.040229495
74.500000	0.28867513	1.8313105	0.039401413
75.500000	0.28867513	1.9545252	0.046062417
76.500000	0.28867513	1.7948772	0.041362688
77.500000	0.28867513	1.9151259	0.042375368
78.500000	0.28867513	1.8527370	0.043530950
79.500000	0.28867513	1.8529615	0.042917391
80.500000	0.28867513	1.8789838	0.039692393
81.500000	0.28867513	1.9166591	0.043845496
82.500000	0.28867513	1.8925956	0.040527262
83.500000	0.28867513	1.8902817	0.043186553
84.500000	0.28867513	1.8432656	0.041580969
85.500000	0.28867513	1.8043407	0.039846333
86.500000	0.28867513	1.8446752	0.040001546
87.500000	0.28867513	1.8756186	0.042748741
88.500000	0.28867513	1.8067651	0.040134648
89.500000	0.28867513	1.7458096	0.039871122
90.500000	0.28867513	1.7924685	0.038381521
91.500000	0.28867513	1.7534470	0.039442413
92.500000	0.28867513	1.8774160	0.042798811
93.500000	0.28867513	1.8322414	0.040963381
94.500000	0.28867513	1.9029164	0.041996256
95.500000	0.28867513	1.8696300	0.041437618
96.500000	0.28867513	1.8605087	0.039963862
97.500000	0.28867513	1.8790163	0.039307671
98.500000	0.28867513	1.8402279	0.040088692
