# Pt	errPt	res	errRes
0.50000000	0.28867513	26.698860	0.16631829
1.5000000	0.28867513	16.323850	0.11317940
2.5000000	0.28867513	10.697099	0.081277872
3.5000000	0.28867513	8.4267425	0.060876607
4.5000000	0.28867513	6.9551407	0.050482120
5.5000000	0.28867513	5.9056655	0.041904007
6.5000000	0.28867513	5.2304056	0.039384230
7.5000000	0.28867513	4.6924473	0.033041157
8.5000000	0.28867513	4.3617660	0.032364537
9.5000000	0.28867513	4.0600901	0.030086214
10.500000	0.28867513	3.8425938	0.059765797
11.500000	0.28867513	3.5362321	0.081067840
12.500000	0.28867513	3.3253853	0.074716005
13.500000	0.28867513	3.1634540	0.067307297
14.500000	0.28867513	3.1245504	0.069063046
15.500000	0.28867513	3.1288476	0.069181789
16.500000	0.28867513	2.9227240	0.059368122
17.500000	0.28867513	2.9153336	0.061310149
18.500000	0.28867513	2.8320755	0.058065233
19.500000	0.28867513	2.8611329	0.060841265
20.500000	0.28867513	2.7729312	0.063130411
21.500000	0.28867513	2.7871106	0.063146359
22.500000	0.28867513	2.6740668	0.056899975
23.500000	0.28867513	2.7446081	0.060215985
24.500000	0.28867513	2.7577535	0.059519158
25.500000	0.28867513	2.6425261	0.053118445
26.500000	0.28867513	2.8111764	0.063861796
27.500000	0.28867513	2.4954907	0.051099533
28.500000	0.28867513	2.5134599	0.049760031
29.500000	0.28867513	2.4655660	0.057138430
30.500000	0.28867513	2.5030683	0.049365690
31.500000	0.28867513	2.5258138	0.049988319
32.500000	0.28867513	2.4983385	0.052258912
33.500000	0.28867513	2.4633671	0.048924860
34.500000	0.28867513	2.4613493	0.058031097
35.500000	0.28867513	2.4700822	0.052897499
36.500000	0.28867513	2.4585577	0.050836580
37.500000	0.28867513	2.4076576	0.053952151
38.500000	0.28867513	2.4733016	0.052799724
39.500000	0.28867513	2.3098915	0.047772025
40.500000	0.28867513	2.4320727	0.047691945
41.500000	0.28867513	2.3693524	0.056212490
42.500000	0.28867513	2.4284155	0.051286839
43.500000	0.28867513	2.4196059	0.048986479
44.500000	0.28867513	2.4166633	0.051318286
45.500000	0.28867513	2.3790511	0.048481014
46.500000	0.28867513	2.4342871	0.050359638
47.500000	0.28867513	2.4364634	0.049883377
48.500000	0.28867513	2.3479440	0.050428065
49.500000	0.28867513	2.4637809	0.050453434
50.500000	0.28867513	2.5075697	0.052931135
51.500000	0.28867513	2.3196105	0.049277143
52.500000	0.28867513	2.3140322	0.047926047
53.500000	0.28867513	2.3594880	0.046695076
54.500000	0.28867513	2.3951618	0.050666203
55.500000	0.28867513	2.4411154	0.048504619
56.500000	0.28867513	2.3536249	0.043869294
57.500000	0.28867513	2.3152162	0.049539026
58.500000	0.28867513	2.3222692	0.049416191
59.500000	0.28867513	2.3533956	0.051745881
60.500000	0.28867513	2.3367766	0.048386950
61.500000	0.28867513	2.1981767	0.048414102
62.500000	0.28867513	2.3588525	0.050212661
63.500000	0.28867513	2.3132140	0.048877772
64.500000	0.28867513	2.4046193	0.054116919
65.500000	0.28867513	2.3239883	0.046682665
66.500000	0.28867513	2.3136901	0.047110194
67.500000	0.28867513	2.3459441	0.050582430
68.500000	0.28867513	2.3361032	0.046772598
69.500000	0.28867513	2.3335072	0.050430963
70.500000	0.28867513	2.3148115	0.047619845
71.500000	0.28867513	2.2651474	0.050652707
72.500000	0.28867513	2.2505899	0.051526883
73.500000	0.28867513	2.2699897	0.044105915
74.500000	0.28867513	2.3801683	0.051310931
75.500000	0.28867513	2.2885357	0.046532564
76.500000	0.28867513	2.3118514	0.049658416
77.500000	0.28867513	2.3241794	0.047472953
78.500000	0.28867513	2.2885039	0.050714922
79.500000	0.28867513	2.3366380	0.050809738
80.500000	0.28867513	2.2421082	0.048831848
81.500000	0.28867513	2.2446825	0.047020946
82.500000	0.28867513	2.2032168	0.046427592
83.500000	0.28867513	2.2185229	0.045545126
84.500000	0.28867513	2.3304109	0.050120225
85.500000	0.28867513	2.3671896	0.048683219
86.500000	0.28867513	2.1697339	0.044815846
87.500000	0.28867513	2.3037493	0.051102063
88.500000	0.28867513	2.2659654	0.046301033
89.500000	0.28867513	2.2856070	0.044345704
90.500000	0.28867513	2.3058074	0.035753618
91.500000	0.28867513	2.2697303	0.033991157
92.500000	0.28867513	2.2661340	0.035515254
93.500000	0.28867513	2.2766880	0.036068398
94.500000	0.28867513	2.2538100	0.034009403
95.500000	0.28867513	2.2866254	0.037285231
96.500000	0.28867513	2.3185078	0.036880676
97.500000	0.28867513	2.3055438	0.035488468
98.500000	0.28867513	2.2779995	0.033201100
