# Pt	errPt	res	errRes
0.50000000	0.28867513	26.694588	0.30093842
1.5000000	0.28867513	15.065409	0.11419363
2.5000000	0.28867513	10.771764	0.079855832
3.5000000	0.28867513	8.2259483	0.064132499
4.5000000	0.28867513	6.7239121	0.050530435
5.5000000	0.28867513	5.9674914	0.044867060
6.5000000	0.28867513	5.1612707	0.038727894
7.5000000	0.28867513	4.7067708	0.034832735
8.5000000	0.28867513	4.3742659	0.031803936
9.5000000	0.28867513	4.1144464	0.029253059
10.500000	0.28867513	3.8702995	0.063781787
11.500000	0.28867513	3.7532872	0.082425642
12.500000	0.28867513	3.4728858	0.079709575
13.500000	0.28867513	3.3721322	0.074712844
14.500000	0.28867513	3.2635283	0.065005053
15.500000	0.28867513	3.1432349	0.070902850
16.500000	0.28867513	3.0750075	0.062354178
17.500000	0.28867513	3.1524190	0.064153353
18.500000	0.28867513	3.0345257	0.061975828
19.500000	0.28867513	3.0312723	0.060745884
20.500000	0.28867513	2.9599214	0.067696296
21.500000	0.28867513	2.9911400	0.065781766
22.500000	0.28867513	2.8589274	0.056440629
23.500000	0.28867513	2.8369719	0.056574290
24.500000	0.28867513	2.7793103	0.060062838
25.500000	0.28867513	2.8198001	0.064865401
26.500000	0.28867513	2.6877556	0.055396758
27.500000	0.28867513	2.8035594	0.063188394
28.500000	0.28867513	2.8170792	0.060514441
29.500000	0.28867513	2.7949874	0.060973076
30.500000	0.28867513	2.8894361	0.059173364
31.500000	0.28867513	2.8376161	0.060651905
32.500000	0.28867513	2.6344488	0.060367624
33.500000	0.28867513	2.7564712	0.055084974
34.500000	0.28867513	2.7360547	0.055972246
35.500000	0.28867513	2.8075606	0.056231192
36.500000	0.28867513	2.6351901	0.053490458
37.500000	0.28867513	2.6351276	0.054190914
38.500000	0.28867513	2.6909337	0.053390539
39.500000	0.28867513	2.6906485	0.060948482
40.500000	0.28867513	2.6927724	0.058398123
41.500000	0.28867513	2.6220640	0.054941722
42.500000	0.28867513	2.4903357	0.048683031
43.500000	0.28867513	2.6558087	0.058471720
44.500000	0.28867513	2.6466483	0.058242369
45.500000	0.28867513	2.5161014	0.051602489
46.500000	0.28867513	2.5680872	0.051767950
47.500000	0.28867513	2.6768783	0.054088605
48.500000	0.28867513	2.6975657	0.056384755
49.500000	0.28867513	2.5841321	0.052641329
50.500000	0.28867513	2.5912758	0.052703170
51.500000	0.28867513	2.5543428	0.053881025
52.500000	0.28867513	2.5905798	0.053440337
53.500000	0.28867513	2.5800523	0.058507763
54.500000	0.28867513	2.7409090	0.061067207
55.500000	0.28867513	2.5041445	0.050828113
56.500000	0.28867513	2.4581433	0.049369766
57.500000	0.28867513	2.4896208	0.052700112
58.500000	0.28867513	2.6693584	0.056772878
59.500000	0.28867513	2.4797467	0.051074585
60.500000	0.28867513	2.5314931	0.054016545
61.500000	0.28867513	2.5824328	0.051533248
62.500000	0.28867513	2.6160615	0.051648712
63.500000	0.28867513	2.4965653	0.051733109
64.500000	0.28867513	2.4473026	0.047779824
65.500000	0.28867513	2.4954967	0.049911412
66.500000	0.28867513	2.5919153	0.054293293
67.500000	0.28867513	2.5883318	0.055458830
68.500000	0.28867513	2.5576877	0.060283610
69.500000	0.28867513	2.5019537	0.058144098
70.500000	0.28867513	2.4812685	0.052990690
71.500000	0.28867513	2.5663566	0.055738146
72.500000	0.28867513	2.5310651	0.052978389
73.500000	0.28867513	2.5801187	0.056781912
74.500000	0.28867513	2.4234879	0.052309678
75.500000	0.28867513	2.5076401	0.048896911
76.500000	0.28867513	2.5448393	0.053336919
77.500000	0.28867513	2.4611086	0.050622587
78.500000	0.28867513	2.4870705	0.049719194
79.500000	0.28867513	2.5854228	0.054473000
80.500000	0.28867513	2.4580215	0.051212728
81.500000	0.28867513	2.5195242	0.055523438
82.500000	0.28867513	2.5268905	0.056147431
83.500000	0.28867513	2.4776873	0.052852412
84.500000	0.28867513	2.4708406	0.056084474
85.500000	0.28867513	2.3878479	0.049026986
86.500000	0.28867513	2.3856699	0.047507978
87.500000	0.28867513	2.4540206	0.050726393
88.500000	0.28867513	2.5472018	0.054382257
89.500000	0.28867513	2.4966489	0.052440571
90.500000	0.28867513	2.4717192	0.049812756
91.500000	0.28867513	2.3631805	0.046813640
92.500000	0.28867513	2.5091614	0.052745587
93.500000	0.28867513	2.4711792	0.053380395
94.500000	0.28867513	2.5462931	0.055153486
95.500000	0.28867513	2.4001855	0.052056575
96.500000	0.28867513	2.4870984	0.049800902
97.500000	0.28867513	2.5193860	0.052691645
98.500000	0.28867513	2.4185458	0.051983549
