# Pt	errPt	res	errRes
0.50000000	0.28867513	27.394099	0.33760323
1.5000000	0.28867513	14.956192	0.11544317
2.5000000	0.28867513	10.190979	0.075831061
3.5000000	0.28867513	7.9166183	0.059677811
4.5000000	0.28867513	6.7116418	0.048388849
5.5000000	0.28867513	5.7424653	0.041451160
6.5000000	0.28867513	5.1895816	0.036878342
7.5000000	0.28867513	4.7624327	0.034854926
8.5000000	0.28867513	4.4506076	0.030009796
9.5000000	0.28867513	4.2916950	0.029680826
10.500000	0.28867513	4.1255930	0.062505589
11.500000	0.28867513	3.8742372	0.085630781
12.500000	0.28867513	3.7437448	0.075955294
13.500000	0.28867513	3.5164920	0.081163110
14.500000	0.28867513	3.6609572	0.074372132
15.500000	0.28867513	3.6223496	0.078440660
16.500000	0.28867513	3.5497568	0.074685868
17.500000	0.28867513	3.5181378	0.081384543
18.500000	0.28867513	3.4330187	0.068776593
19.500000	0.28867513	3.4495046	0.075438121
20.500000	0.28867513	3.4102521	0.065662893
21.500000	0.28867513	3.3783117	0.070847268
22.500000	0.28867513	3.3637948	0.075957428
23.500000	0.28867513	3.3050538	0.072797212
24.500000	0.28867513	3.4260626	0.075479916
25.500000	0.28867513	3.1882818	0.066032972
26.500000	0.28867513	3.2787280	0.068706110
27.500000	0.28867513	3.1386336	0.061455541
28.500000	0.28867513	3.2441543	0.071245309
29.500000	0.28867513	3.3384760	0.073194281
30.500000	0.28867513	3.1438865	0.071436319
31.500000	0.28867513	3.2332773	0.067384565
32.500000	0.28867513	3.2705604	0.069040945
33.500000	0.28867513	3.1093160	0.063586506
34.500000	0.28867513	3.0176374	0.060706029
35.500000	0.28867513	3.1467762	0.062488305
36.500000	0.28867513	3.1163302	0.063938670
37.500000	0.28867513	3.2134505	0.065929886
38.500000	0.28867513	3.0751878	0.062615698
39.500000	0.28867513	3.1795820	0.068893806
40.500000	0.28867513	2.9839349	0.057824154
41.500000	0.28867513	3.0320927	0.059660884
42.500000	0.28867513	3.0469456	0.060222408
43.500000	0.28867513	3.1721763	0.062571379
44.500000	0.28867513	3.0041501	0.059065780
45.500000	0.28867513	3.0395416	0.063840251
46.500000	0.28867513	3.0301513	0.060610756
47.500000	0.28867513	3.1580630	0.070924350
48.500000	0.28867513	3.1551969	0.068852958
49.500000	0.28867513	3.1792272	0.064960171
50.500000	0.28867513	3.0728752	0.064227432
51.500000	0.28867513	3.0295019	0.062872179
52.500000	0.28867513	3.1000443	0.059810801
53.500000	0.28867513	2.9382411	0.061016414
54.500000	0.28867513	3.0454278	0.057853041
55.500000	0.28867513	2.9392877	0.065071805
56.500000	0.28867513	2.9929905	0.061406496
57.500000	0.28867513	3.0684678	0.063157372
58.500000	0.28867513	3.2023538	0.070209892
59.500000	0.28867513	2.8800753	0.055401097
60.500000	0.28867513	3.0065959	0.060326254
61.500000	0.28867513	3.1143953	0.060403346
62.500000	0.28867513	3.1079458	0.063012656
63.500000	0.28867513	3.0791555	0.063495743
64.500000	0.28867513	3.0141638	0.061952444
65.500000	0.28867513	3.0414267	0.065698827
66.500000	0.28867513	3.0804093	0.066377157
67.500000	0.28867513	3.1555706	0.065536973
68.500000	0.28867513	3.1856268	0.063915018
69.500000	0.28867513	3.1050794	0.066864462
70.500000	0.28867513	3.0756570	0.061236865
71.500000	0.28867513	3.1141163	0.065206423
72.500000	0.28867513	3.0513197	0.065003103
73.500000	0.28867513	2.8701254	0.056690680
74.500000	0.28867513	3.1201017	0.072924634
75.500000	0.28867513	2.9366800	0.062050095
76.500000	0.28867513	3.1854523	0.074539733
77.500000	0.28867513	3.0193059	0.065374954
78.500000	0.28867513	3.0320014	0.060770850
79.500000	0.28867513	3.0049173	0.064275741
80.500000	0.28867513	3.0255352	0.068414577
81.500000	0.28867513	2.9731029	0.060329009
82.500000	0.28867513	2.9853647	0.056293359
83.500000	0.28867513	2.9978444	0.055410726
84.500000	0.28867513	3.0837278	0.060536478
85.500000	0.28867513	3.0219029	0.058836145
86.500000	0.28867513	2.8997369	0.058767676
87.500000	0.28867513	3.0704847	0.065762415
88.500000	0.28867513	2.9777788	0.060013406
89.500000	0.28867513	2.9475018	0.061140603
90.500000	0.28867513	2.9039366	0.054181572
91.500000	0.28867513	2.9264806	0.057979685
92.500000	0.28867513	3.0231403	0.061247105
93.500000	0.28867513	3.0149245	0.064344300
94.500000	0.28867513	2.9628254	0.060877387
95.500000	0.28867513	3.0103354	0.058208553
96.500000	0.28867513	2.9057985	0.057547249
97.500000	0.28867513	2.9124368	0.057867213
98.500000	0.28867513	3.0804310	0.068042375
