# Pt	errPt	res	errRes
0.50000000	0.28867513	26.847484	0.23755887
1.5000000	0.28867513	15.496560	0.11243098
2.5000000	0.28867513	10.081921	0.074186504
3.5000000	0.28867513	7.9548291	0.059011907
4.5000000	0.28867513	6.6054119	0.049595213
5.5000000	0.28867513	5.8463394	0.042213600
6.5000000	0.28867513	5.3280705	0.037136589
7.5000000	0.28867513	4.9182718	0.034620730
8.5000000	0.28867513	4.6787193	0.033806046
9.5000000	0.28867513	4.5097622	0.031405267
10.500000	0.28867513	4.3648894	0.068691423
11.500000	0.28867513	4.2662106	0.095218810
12.500000	0.28867513	4.0305011	0.082491311
13.500000	0.28867513	3.7366078	0.081748558
14.500000	0.28867513	4.0499375	0.10198796
15.500000	0.28867513	3.8205200	0.095934090
16.500000	0.28867513	3.7459451	0.085527594
17.500000	0.28867513	3.7255920	0.083555990
18.500000	0.28867513	3.6629123	0.088184288
19.500000	0.28867513	3.6968154	0.086682113
20.500000	0.28867513	3.5498576	0.080808795
21.500000	0.28867513	3.8642479	0.092171414
22.500000	0.28867513	3.8025752	0.090332989
23.500000	0.28867513	3.6615999	0.085058227
24.500000	0.28867513	3.6154380	0.078130898
25.500000	0.28867513	3.5690383	0.080269599
26.500000	0.28867513	3.5084777	0.080655747
27.500000	0.28867513	3.4498300	0.077353072
28.500000	0.28867513	3.5281184	0.082053514
29.500000	0.28867513	3.5435804	0.080058839
30.500000	0.28867513	3.5044127	0.077482430
31.500000	0.28867513	3.5659335	0.076987824
32.500000	0.28867513	3.3945508	0.074394189
33.500000	0.28867513	3.5567833	0.077353378
34.500000	0.28867513	3.4845138	0.078334273
35.500000	0.28867513	3.4629498	0.074466949
36.500000	0.28867513	3.6071482	0.075780961
37.500000	0.28867513	3.4849688	0.081431579
38.500000	0.28867513	3.6857054	0.079799775
39.500000	0.28867513	3.4219821	0.074731437
40.500000	0.28867513	3.5810036	0.084490592
41.500000	0.28867513	3.3235471	0.072640698
42.500000	0.28867513	3.4457595	0.069237819
43.500000	0.28867513	3.5890910	0.080363930
44.500000	0.28867513	3.4432086	0.075451615
45.500000	0.28867513	3.3699400	0.075089950
46.500000	0.28867513	3.3778622	0.073412293
47.500000	0.28867513	3.3583498	0.068150983
48.500000	0.28867513	3.3534143	0.071267110
49.500000	0.28867513	3.5411189	0.069715454
50.500000	0.28867513	3.4529656	0.069270331
51.500000	0.28867513	3.4028907	0.070381314
52.500000	0.28867513	3.3246047	0.067027294
53.500000	0.28867513	3.3692363	0.069957304
54.500000	0.28867513	3.3646613	0.066616173
55.500000	0.28867513	3.3479784	0.071206625
56.500000	0.28867513	3.4601037	0.071833475
57.500000	0.28867513	3.1938023	0.068357033
58.500000	0.28867513	3.4003319	0.066318179
59.500000	0.28867513	3.4270227	0.073217848
60.500000	0.28867513	3.2166940	0.066004440
61.500000	0.28867513	3.4904279	0.070715568
62.500000	0.28867513	3.2717657	0.065635151
63.500000	0.28867513	3.3708721	0.071360901
64.500000	0.28867513	3.4105473	0.068293269
65.500000	0.28867513	3.3575294	0.074577077
66.500000	0.28867513	3.3291475	0.064306724
67.500000	0.28867513	3.3526989	0.065358168
68.500000	0.28867513	3.3628647	0.072315683
69.500000	0.28867513	3.4468040	0.072176478
70.500000	0.28867513	3.3570852	0.073115694
71.500000	0.28867513	3.3741096	0.066031944
72.500000	0.28867513	3.4030327	0.070062153
73.500000	0.28867513	3.2745445	0.067805372
74.500000	0.28867513	3.4843388	0.075473492
75.500000	0.28867513	3.5466097	0.075388353
76.500000	0.28867513	3.3498147	0.066970252
77.500000	0.28867513	3.3914573	0.069031095
78.500000	0.28867513	3.5163950	0.069786548
79.500000	0.28867513	3.3232176	0.065668022
80.500000	0.28867513	3.4951685	0.073220983
81.500000	0.28867513	3.2964887	0.064040517
82.500000	0.28867513	3.4386143	0.070168244
83.500000	0.28867513	3.4194246	0.071108069
84.500000	0.28867513	3.3699379	0.067247193
85.500000	0.28867513	3.4494885	0.074050277
86.500000	0.28867513	3.3390308	0.070203395
87.500000	0.28867513	3.3278535	0.067534892
88.500000	0.28867513	3.3759193	0.066886255
89.500000	0.28867513	3.3734552	0.067324566
90.500000	0.28867513	3.4778782	0.073341936
91.500000	0.28867513	3.2589863	0.068537942
92.500000	0.28867513	3.3211165	0.068817568
93.500000	0.28867513	3.2635402	0.068311260
94.500000	0.28867513	3.4652855	0.077618388
95.500000	0.28867513	3.4288277	0.070745860
96.500000	0.28867513	3.4342605	0.073711269
97.500000	0.28867513	3.4875251	0.075651032
98.500000	0.28867513	3.4478628	0.079801372
