# Pt	errPt	res	errRes
0.50000000	0.28867513	26.732512	0.23594866
1.5000000	0.28867513	15.592242	0.11493902
2.5000000	0.28867513	10.201374	0.075753562
3.5000000	0.28867513	7.8317780	0.057674208
4.5000000	0.28867513	6.6150800	0.047832954
5.5000000	0.28867513	5.9518342	0.042304225
6.5000000	0.28867513	5.3248982	0.038624159
7.5000000	0.28867513	4.9959109	0.033530564
8.5000000	0.28867513	4.7174876	0.033018317
9.5000000	0.28867513	4.6782135	0.031970276
10.500000	0.28867513	4.3590948	0.066464309
11.500000	0.28867513	4.1484313	0.099180943
12.500000	0.28867513	4.0967390	0.10590052
13.500000	0.28867513	3.9260373	0.11202430
14.500000	0.28867513	4.0160426	0.10226882
15.500000	0.28867513	3.8399473	0.10097933
16.500000	0.28867513	3.9454259	0.11199801
17.500000	0.28867513	4.1135578	0.11898510
18.500000	0.28867513	3.6812655	0.091405051
19.500000	0.28867513	3.5852290	0.093913086
20.500000	0.28867513	3.7913686	0.10774742
21.500000	0.28867513	3.9135676	0.097579329
22.500000	0.28867513	3.8299983	0.10458261
23.500000	0.28867513	3.7839043	0.10021568
24.500000	0.28867513	3.7822520	0.10469401
25.500000	0.28867513	3.4155332	0.088383948
26.500000	0.28867513	3.5567681	0.10208391
27.500000	0.28867513	3.7541055	0.090341085
28.500000	0.28867513	3.6511855	0.090760812
29.500000	0.28867513	3.6408092	0.089541670
30.500000	0.28867513	3.7724037	0.093156559
31.500000	0.28867513	3.5711068	0.090214231
32.500000	0.28867513	3.4951035	0.083093424
33.500000	0.28867513	3.6905064	0.091140691
34.500000	0.28867513	3.4374299	0.090979742
35.500000	0.28867513	3.4513557	0.079828261
36.500000	0.28867513	3.8365997	0.093795071
37.500000	0.28867513	3.4792345	0.080048538
38.500000	0.28867513	3.5206003	0.078111007
39.500000	0.28867513	3.6348877	0.090200925
40.500000	0.28867513	3.7441304	0.083633708
41.500000	0.28867513	3.6135272	0.087102079
42.500000	0.28867513	3.5494264	0.080475908
43.500000	0.28867513	3.4675071	0.072442237
44.500000	0.28867513	3.5414929	0.079048563
45.500000	0.28867513	3.7312496	0.077157374
46.500000	0.28867513	3.6202619	0.076078823
47.500000	0.28867513	3.6451294	0.080158396
48.500000	0.28867513	3.5371181	0.073657684
49.500000	0.28867513	3.5125425	0.068888774
50.500000	0.28867513	3.5067525	0.069255749
51.500000	0.28867513	3.6123131	0.073938885
52.500000	0.28867513	3.6819346	0.077389553
53.500000	0.28867513	3.3088484	0.069653872
54.500000	0.28867513	3.5234289	0.076616628
55.500000	0.28867513	3.4457851	0.072082634
56.500000	0.28867513	3.6368625	0.076053282
57.500000	0.28867513	3.5616233	0.083871881
58.500000	0.28867513	3.3887842	0.069428439
59.500000	0.28867513	3.5428829	0.074910938
60.500000	0.28867513	3.5246651	0.074258110
61.500000	0.28867513	3.6037145	0.069943367
62.500000	0.28867513	3.4242049	0.070887405
63.500000	0.28867513	3.6818627	0.077532124
64.500000	0.28867513	3.4655393	0.073319212
65.500000	0.28867513	3.6489739	0.083188777
66.500000	0.28867513	3.4639542	0.074175333
67.500000	0.28867513	3.5182349	0.073414734
68.500000	0.28867513	3.6109451	0.071337563
69.500000	0.28867513	3.8025059	0.082556955
70.500000	0.28867513	3.3043527	0.068777412
71.500000	0.28867513	3.5722283	0.074243490
72.500000	0.28867513	3.3560491	0.068227620
73.500000	0.28867513	3.4479062	0.069992165
74.500000	0.28867513	3.5553971	0.075311736
75.500000	0.28867513	3.5848584	0.081467026
76.500000	0.28867513	3.6895414	0.075137309
77.500000	0.28867513	3.5620491	0.078316226
78.500000	0.28867513	3.4397788	0.069695262
79.500000	0.28867513	3.6396293	0.075717164
80.500000	0.28867513	3.4178507	0.071859193
81.500000	0.28867513	3.4373284	0.071808408
82.500000	0.28867513	3.5195176	0.069013297
83.500000	0.28867513	3.6647371	0.081084224
84.500000	0.28867513	3.5340402	0.073693062
85.500000	0.28867513	3.4225435	0.074544304
86.500000	0.28867513	3.5047399	0.080705262
87.500000	0.28867513	3.4532269	0.070391495
88.500000	0.28867513	3.4647328	0.069692646
89.500000	0.28867513	3.6386650	0.085842096
90.500000	0.28867513	3.6050224	0.077971902
91.500000	0.28867513	3.5427692	0.071470483
92.500000	0.28867513	3.3898286	0.074634643
93.500000	0.28867513	3.5595387	0.072501596
94.500000	0.28867513	3.4322131	0.072470900
95.500000	0.28867513	3.5123830	0.079191204
96.500000	0.28867513	3.4333438	0.069361212
97.500000	0.28867513	3.4837149	0.072413023
98.500000	0.28867513	3.5414284	0.075563586
