# Pt	errPt	res	errRes
0.38482120	0.0076706588	0.0032308608	0.00049875026
0.41234334	0.0082192590	0.0036052895	9.0917648e-05
0.44183385	0.0088070947	0.0032879856	8.8173266e-05
0.47343350	0.0094369719	0.0031229424	9.9969085e-05
0.50729314	0.010111898	0.0032844937	0.00017259484
0.54357439	0.010835094	0.0028282089	9.5256205e-05
0.58245046	0.011610012	0.0026334401	6.0664734e-05
0.62410691	0.012440352	0.0025102672	5.0960937e-05
0.66874260	0.013330077	0.0022861425	4.5838031e-05
0.71657061	0.014283435	0.0022266548	3.9667592e-05
0.76781924	0.015304976	0.0020544433	3.3174401e-05
0.82273314	0.016399578	0.0019553464	3.1800383e-05
0.88157444	0.017572464	0.0018273433	3.1401827e-05
0.94462403	0.018829234	0.0016926770	2.6996407e-05
1.0121829	0.020175888	0.0016909786	2.7416794e-05
1.0845735	0.021618854	0.0015870226	2.4796864e-05
1.1621414	0.023165019	0.0013304495	3.9885756e-05
1.2452570	0.024821765	0.0013727025	3.7698404e-05
1.3343169	0.026597001	0.0012829709	3.0978938e-05
1.4297463	0.028499200	0.0012394892	2.9927149e-05
1.5320008	0.030537443	0.0011612976	2.5150409e-05
1.6415684	0.032721459	0.0010952389	2.4294658e-05
1.7589723	0.035061675	0.0010914168	2.3896767e-05
1.8847727	0.037569262	0.0010041637	2.1238159e-05
2.0195704	0.040256190	0.00091484054	1.7494489e-05
2.1640086	0.043135284	0.00084549668	1.6830421e-05
2.3187770	0.046220290	0.00083054479	1.5255764e-05
2.4846144	0.049525933	0.00079531436	1.4913275e-05
2.6623122	0.053067993	0.00076964564	1.4764177e-05
2.8527190	0.056863379	0.00072807086	1.2046739e-05
3.0567434	0.060930208	0.00066860183	1.0987588e-05
3.2753596	0.065287895	0.00064275831	1.0847607e-05
3.5096111	0.069957239	0.00060968593	8.9858549e-06
3.7606160	0.074960533	0.00056811599	7.9407076e-06
4.0295726	0.080321658	0.00053742541	7.1205886e-06
4.3177649	0.086066207	0.00052244722	7.1505755e-06
4.6265684	0.092221602	0.00046765622	6.1064344e-06
4.9574574	0.098817227	0.00045572051	5.8601765e-06
5.3120113	0.10588457	0.00042694677	5.3116816e-06
5.6919226	0.11345736	0.00038936774	4.2283664e-06
6.0990050	0.12157175	0.00036703359	4.3438961e-06
6.5352016	0.13026648	0.00034661826	4.0590035e-06
7.0025947	0.13958304	0.00032823549	3.6361367e-06
7.5034154	0.14956593	0.00031056866	3.1158112e-06
8.0400544	0.16026278	0.00029003558	2.8486496e-06
8.6150735	0.17172466	0.00026791215	2.5531339e-06
9.2312176	0.18400629	0.00024730502	2.4005356e-06
9.8914279	0.19716629	0.00024218272	2.4789481e-06
10.598856	0.21126749	0.00022301400	6.1062951e-06
11.356879	0.22637719	0.00020835821	5.2451535e-06
12.169115	0.24256753	0.00018838672	4.4567475e-06
13.039441	0.25991579	0.00017280356	4.3125438e-06
13.972013	0.27850479	0.00016470893	4.1499576e-06
14.971282	0.29842326	0.00015125714	3.0667970e-06
16.042018	0.31976628	0.00014704103	2.9731292e-06
17.189332	0.34263574	0.00013901133	2.9553373e-06
18.418701	0.36714081	0.00013016731	2.5935159e-06
19.735993	0.39339847	0.00012419679	2.3025125e-06
21.147498	0.42153405	0.00011352002	2.0174943e-06
22.659952	0.45168188	0.00010897352	1.8190576e-06
24.280576	0.48398585	0.00010267279	1.6595057e-06
26.017106	0.51860018	9.6645740e-05	1.4579672e-06
27.877832	0.55569011	9.0223922e-05	1.3273930e-06
29.871635	0.59543268	8.5829752e-05	1.2775054e-06
32.008033	0.63801761	8.1462218e-05	1.1320211e-06
34.297226	0.68364818	7.5351179e-05	1.0401814e-06
36.750139	0.73254223	7.1732987e-05	9.3851631e-07
39.378484	0.78493314	6.6944836e-05	8.4915307e-07
42.194806	0.84107101	6.2918253e-05	7.3967018e-07
45.212549	0.90122382	6.1015831e-05	6.9162214e-07
48.446119	0.96567873	5.8549893e-05	6.8433819e-07
51.910951	1.0347434	5.5267852e-05	5.9570162e-07
55.623587	1.1087475	5.3328249e-05	5.6525854e-07
59.601747	1.1880444	5.0559064e-05	4.8873717e-07
63.864422	1.2730125	4.8033808e-05	4.5896732e-07
68.431962	1.3640575	4.6764837e-05	4.3722546e-07
73.326168	1.4616139	4.3979547e-05	3.9750547e-07
78.570405	1.5661475	4.2071057e-05	3.6425422e-07
84.189705	1.6781573	4.0153095e-05	3.3804482e-07
90.210895	1.7981779	3.8526006e-05	2.6986973e-07
