# Pt	errPt	res	errRes
0.38482120	0.0076706588	0.0052190591	0.00047929596
0.41234334	0.0082192590	0.0050559910	0.00025887069
0.44183385	0.0088070947	0.0056268044	0.00053957432
0.47343350	0.0094369719	0.0047453684	0.00022976427
0.50729314	0.010111898	0.0042261850	0.00013669473
0.54357439	0.010835094	0.0039622609	9.7489561e-05
0.58245046	0.011610012	0.0037106695	7.8262701e-05
0.62410691	0.012440352	0.0034577543	6.7128617e-05
0.66874260	0.013330077	0.0032644179	6.4769010e-05
0.71657061	0.014283435	0.0030668591	6.2425008e-05
0.76781924	0.015304976	0.0029290148	5.0330970e-05
0.82273314	0.016399578	0.0027450659	5.0153956e-05
0.88157444	0.017572464	0.0025082113	4.1325286e-05
0.94462403	0.018829234	0.0024748545	3.9275941e-05
1.0121829	0.020175888	0.0022856970	3.4713615e-05
1.0845735	0.021618854	0.0022260269	3.8055578e-05
1.1621414	0.023165019	0.0019255169	5.1735098e-05
1.2452570	0.024821765	0.0018768949	5.0809568e-05
1.3343169	0.026597001	0.0017194541	4.4381071e-05
1.4297463	0.028499200	0.0016844230	4.2267071e-05
1.5320008	0.030537443	0.0015720309	3.7554543e-05
1.6415684	0.032721459	0.0014845087	3.3073135e-05
1.7589723	0.035061675	0.0014155471	3.3016931e-05
1.8847727	0.037569262	0.0013063871	2.6696839e-05
2.0195704	0.040256190	0.0012282127	2.3542877e-05
2.1640086	0.043135284	0.0011875042	2.2340982e-05
2.3187770	0.046220290	0.0011350663	2.3613470e-05
2.4846144	0.049525933	0.0010529021	1.8310333e-05
2.6623122	0.053067993	0.0010102241	1.7769394e-05
2.8527190	0.056863379	0.00096989479	1.6226338e-05
3.0567434	0.060930208	0.00091521517	1.4744959e-05
3.2753596	0.065287895	0.00088710949	1.3098869e-05
3.5096111	0.069957239	0.00081862153	1.1501237e-05
3.7606160	0.074960533	0.00079022499	1.1211751e-05
4.0295726	0.080321658	0.00072326806	9.7353109e-06
4.3177649	0.086066207	0.00068442185	9.0577298e-06
4.6265684	0.092221602	0.00065881907	9.2123040e-06
4.9574574	0.098817227	0.00063926509	8.1943603e-06
5.3120113	0.10588457	0.00059171079	7.1991743e-06
5.6919226	0.11345736	0.00055769700	6.6411242e-06
6.0990050	0.12157175	0.00052808238	5.9456319e-06
6.5352016	0.13026648	0.00049691146	5.7523803e-06
7.0025947	0.13958304	0.00047088336	4.8359838e-06
7.5034154	0.14956593	0.00044311672	4.3993193e-06
8.0400544	0.16026278	0.00041745055	4.0659978e-06
8.6150735	0.17172466	0.00038815605	3.8239490e-06
9.2312176	0.18400629	0.00036360638	3.4144982e-06
9.8914279	0.19716629	0.00034171991	3.2974887e-06
10.598856	0.21126749	0.00031719814	7.7604771e-06
11.356879	0.22637719	0.00028349227	6.6951495e-06
12.169115	0.24256753	0.00026257470	6.2430397e-06
13.039441	0.25991579	0.00026374295	6.2356964e-06
13.972013	0.27850479	0.00022112548	5.0357406e-06
14.971282	0.29842326	0.00023490733	5.2301331e-06
16.042018	0.31976628	0.00021807372	4.5714582e-06
17.189332	0.34263574	0.00020080736	4.0749720e-06
18.418701	0.36714081	0.00018093715	3.4913574e-06
19.735993	0.39339847	0.00017255749	3.4346791e-06
21.147498	0.42153405	0.00015638659	2.9539558e-06
22.659952	0.45168188	0.00014983306	2.4896188e-06
24.280576	0.48398585	0.00014532768	2.4951758e-06
26.017106	0.51860018	0.00013207147	1.9505014e-06
27.877832	0.55569011	0.00012822727	1.9860400e-06
29.871635	0.59543268	0.00011690802	1.7024871e-06
32.008033	0.63801761	0.00011090003	1.6070961e-06
34.297226	0.68364818	0.00010450220	1.3078558e-06
36.750139	0.73254223	9.9699850e-05	1.3020815e-06
39.378484	0.78493314	9.5111555e-05	1.2170316e-06
42.194806	0.84107101	9.0405048e-05	1.1062572e-06
45.212549	0.90122382	8.5223210e-05	1.0489902e-06
48.446119	0.96567873	8.0639798e-05	9.1603170e-07
51.910951	1.0347434	7.4095569e-05	8.3767371e-07
55.623587	1.1087475	7.1604294e-05	7.5287223e-07
59.601747	1.1880444	6.7680934e-05	6.7602552e-07
63.864422	1.2730125	6.6003409e-05	6.2016947e-07
68.431962	1.3640575	6.3165795e-05	6.0759677e-07
73.326168	1.4616139	5.9723622e-05	5.2716425e-07
78.570405	1.5661475	5.7802919e-05	5.1242221e-07
84.189705	1.6781573	5.5336622e-05	4.6156250e-07
90.210895	1.7981779	5.4144650e-05	4.4976764e-07
