# Pt	errPt	res	errRes
0.38482120	0.0076706588	0.0023011780	0.00029462733
0.41234334	0.0082192590	0.0018620154	6.3559127e-05
0.44183385	0.0088070947	0.0018520189	6.1489665e-05
0.47343350	0.0094369719	0.0017983757	5.7825491e-05
0.50729314	0.010111898	0.0016124160	4.1395889e-05
0.54357439	0.010835094	0.0016139902	4.4638473e-05
0.58245046	0.011610012	0.0014598952	4.7139714e-05
0.62410691	0.012440352	0.0013586497	5.3500873e-05
0.71657061	0.014283435	0.0071924306	0.0063904635
0.76781924	0.015304976	0.0013593752	0.00020196959
0.82273314	0.016399578	0.0011202247	3.9880250e-05
0.88157444	0.017572464	0.0010378331	2.1009808e-05
0.94462403	0.018829234	0.0010100715	1.9857313e-05
1.0121829	0.020175888	0.00096756341	1.8068716e-05
1.0845735	0.021618854	0.00090493598	1.8791448e-05
1.1621414	0.023165019	0.00085761342	2.4925668e-05
1.2452570	0.024821765	0.00076235157	2.1258361e-05
1.3343169	0.026597001	0.00074731651	1.9248882e-05
1.4297463	0.028499200	0.00072912327	1.8186637e-05
1.5320008	0.030537443	0.00070977870	1.6758631e-05
1.6415684	0.032721459	0.00063970361	1.5673521e-05
1.7589723	0.035061675	0.00059122302	1.2737753e-05
1.8847727	0.037569262	0.00056428375	1.3037832e-05
2.0195704	0.040256190	0.00053287041	1.0682779e-05
2.1640086	0.043135284	0.00050754487	9.5984038e-06
2.3187770	0.046220290	0.00048662954	9.6164239e-06
2.4846144	0.049525933	0.00044923636	7.7376470e-06
2.6623122	0.053067993	0.00041904039	7.4113197e-06
2.8527190	0.056863379	0.00039698907	6.7054593e-06
3.0567434	0.060930208	0.00037466049	6.5410186e-06
3.2753596	0.065287895	0.00035450243	5.6614110e-06
3.5096111	0.069957239	0.00033045519	4.9359117e-06
3.7606160	0.074960533	0.00030338711	4.6187232e-06
4.0295726	0.080321658	0.00028927320	4.2037057e-06
4.3177649	0.086066207	0.00026694280	3.6942491e-06
4.6265684	0.092221602	0.00025654302	3.3396795e-06
4.9574574	0.098817227	0.00023426601	3.0561675e-06
5.3120113	0.10588457	0.00022549561	2.7240908e-06
5.6919226	0.11345736	0.00021022035	2.5056436e-06
6.0990050	0.12157175	0.00019694423	2.2232717e-06
6.5352016	0.13026648	0.00018004249	2.0289121e-06
7.0025947	0.13958304	0.00016999893	1.8631463e-06
7.5034154	0.14956593	0.00016106529	1.5878878e-06
8.0400544	0.16026278	0.00015127667	1.5011120e-06
8.6150735	0.17172466	0.00014139840	1.3671285e-06
9.2312176	0.18400629	0.00013470216	1.2759222e-06
9.8914279	0.19716629	0.00012565608	1.1990601e-06
10.598856	0.21126749	0.00011253419	3.2016156e-06
11.356879	0.22637719	0.00010698750	2.9652767e-06
12.169115	0.24256753	9.9708925e-05	3.3431313e-06
13.039441	0.25991579	9.2136819e-05	2.7008231e-06
13.972013	0.27850479	9.2544258e-05	2.5756850e-06
14.971282	0.29842326	8.5560021e-05	2.5344722e-06
16.042018	0.31976628	8.2517825e-05	2.1970470e-06
17.189332	0.34263574	7.4931138e-05	1.7810796e-06
18.418701	0.36714081	7.3744168e-05	1.7665602e-06
19.735993	0.39339847	6.8070059e-05	1.5453770e-06
21.147498	0.42153405	6.2626886e-05	1.4005781e-06
22.659952	0.45168188	6.1590004e-05	1.3267895e-06
24.280576	0.48398585	5.7400396e-05	1.0954541e-06
26.017106	0.51860018	5.5006333e-05	9.6860017e-07
27.877832	0.55569011	5.1055366e-05	8.9731527e-07
29.871635	0.59543268	5.0695252e-05	8.3102132e-07
32.008033	0.63801761	4.6576060e-05	7.4118785e-07
34.297226	0.68364818	4.5349100e-05	7.0462978e-07
36.750139	0.73254223	4.2398899e-05	5.8343441e-07
39.378484	0.78493314	4.1564546e-05	5.3961947e-07
42.194806	0.84107101	3.9350409e-05	5.0415078e-07
45.212549	0.90122382	3.8181036e-05	4.3839869e-07
48.446119	0.96567873	3.6880980e-05	3.9673566e-07
51.910951	1.0347434	3.5816041e-05	3.7686700e-07
55.623587	1.1087475	3.4050774e-05	3.6495711e-07
59.601747	1.1880444	3.3432381e-05	3.1067793e-07
63.864422	1.2730125	3.2731237e-05	3.2194455e-07
68.431962	1.3640575	3.1484430e-05	3.0121575e-07
73.326168	1.4616139	3.1040470e-05	2.8605709e-07
78.570405	1.5661475	3.0604228e-05	2.5883537e-07
84.189705	1.6781573	2.9915601e-05	2.4253455e-07
90.210895	1.7981779	2.9053372e-05	2.1818315e-07
