# Pt	errPt	res	errRes
0.38482120	0.0076706588	0.0023605998	0.00033070969
0.41234334	0.0082192590	0.0019455412	6.9093107e-05
0.44183385	0.0088070947	0.0018279644	5.7536329e-05
0.47343350	0.0094369719	0.0016646313	4.7539173e-05
0.50729314	0.010111898	0.0016644970	5.5812928e-05
0.54357439	0.010835094	0.0016268223	5.1272190e-05
0.58245046	0.011610012	0.0015263605	4.1101443e-05
0.62410691	0.012440352	0.0013590478	3.6674841e-05
0.66874260	0.013330077	0.0012986043	0.00013994961
0.76781924	0.015304976	0.0076609173	0.0038924418
0.82273314	0.016399578	0.0087807969	0.0091809118
0.88157444	0.017572464	0.0011273928	2.5597715e-05
0.94462403	0.018829234	0.0010347903	2.0694995e-05
1.0121829	0.020175888	0.0010038212	2.0142240e-05
1.0845735	0.021618854	0.00093470940	1.9280388e-05
1.1621414	0.023165019	0.00094370955	2.7749952e-05
1.2452570	0.024821765	0.00085482594	2.2763336e-05
1.3343169	0.026597001	0.00080831885	2.0909520e-05
1.4297463	0.028499200	0.00072722108	1.7731069e-05
1.5320008	0.030537443	0.00070578562	1.7235375e-05
1.6415684	0.032721459	0.00065859615	1.4945936e-05
1.7589723	0.035061675	0.00064461977	1.5642510e-05
1.8847727	0.037569262	0.00061006667	1.2378152e-05
2.0195704	0.040256190	0.00054985837	1.0690171e-05
2.1640086	0.043135284	0.00054520218	1.0393385e-05
2.3187770	0.046220290	0.00049386772	1.0702982e-05
2.4846144	0.049525933	0.00047221836	8.7899638e-06
2.6623122	0.053067993	0.00044017604	7.5272466e-06
2.8527190	0.056863379	0.00041565465	6.7366057e-06
3.0567434	0.060930208	0.00038795622	6.2749451e-06
3.2753596	0.065287895	0.00037020532	5.6503566e-06
3.5096111	0.069957239	0.00033700395	5.0060560e-06
3.7606160	0.074960533	0.00032490869	4.9968406e-06
4.0295726	0.080321658	0.00029898274	4.2540541e-06
4.3177649	0.086066207	0.00028111383	4.1989717e-06
4.6265684	0.092221602	0.00026607947	3.3284464e-06
4.9574574	0.098817227	0.00024749967	3.1049516e-06
5.3120113	0.10588457	0.00023533758	2.8962740e-06
5.6919226	0.11345736	0.00022168938	2.5619768e-06
6.0990050	0.12157175	0.00020573742	2.4450190e-06
6.5352016	0.13026648	0.00019080558	2.1862254e-06
7.0025947	0.13958304	0.00018034547	2.0016573e-06
7.5034154	0.14956593	0.00016493545	1.6946611e-06
8.0400544	0.16026278	0.00015547329	1.5601895e-06
8.6150735	0.17172466	0.00015098691	1.4895173e-06
9.2312176	0.18400629	0.00014011052	1.4384233e-06
9.8914279	0.19716629	0.00012846359	1.2516357e-06
10.598856	0.21126749	0.00012005237	3.3940296e-06
11.356879	0.22637719	0.00012025011	2.9924901e-06
12.169115	0.24256753	0.00010121635	2.4126213e-06
13.039441	0.25991579	0.00010019083	2.4421079e-06
13.972013	0.27850479	9.5624795e-05	2.2556670e-06
14.971282	0.29842326	8.9328160e-05	2.0591166e-06
16.042018	0.31976628	8.0572919e-05	1.7512599e-06
17.189332	0.34263574	8.0607461e-05	1.7158157e-06
18.418701	0.36714081	7.2872060e-05	1.5110713e-06
19.735993	0.39339847	7.1019858e-05	1.4390838e-06
21.147498	0.42153405	6.6895418e-05	1.2397582e-06
22.659952	0.45168188	6.3270021e-05	1.1289218e-06
24.280576	0.48398585	5.9840560e-05	1.0813223e-06
26.017106	0.51860018	5.8644113e-05	1.0129940e-06
27.877832	0.55569011	5.3756587e-05	8.5690229e-07
29.871635	0.59543268	5.0956410e-05	7.6431586e-07
32.008033	0.63801761	4.9564442e-05	7.6241745e-07
34.297226	0.68364818	4.6761584e-05	6.5523769e-07
36.750139	0.73254223	4.4575288e-05	6.5123999e-07
39.378484	0.78493314	4.3372609e-05	5.5488383e-07
42.194806	0.84107101	4.0784053e-05	4.8683545e-07
45.212549	0.90122382	3.8916100e-05	4.4284142e-07
48.446119	0.96567873	3.7867891e-05	4.0994703e-07
51.910951	1.0347434	3.6281160e-05	3.7054855e-07
55.623587	1.1087475	3.5322274e-05	3.5055877e-07
59.601747	1.1880444	3.4198051e-05	3.3007334e-07
63.864422	1.2730125	3.3060152e-05	3.0931234e-07
68.431962	1.3640575	3.2071362e-05	2.9598407e-07
73.326168	1.4616139	3.1549708e-05	2.8021304e-07
78.570405	1.5661475	3.0624097e-05	2.5281605e-07
84.189705	1.6781573	3.0020456e-05	2.3898027e-07
90.210895	1.7981779	2.8879208e-05	2.2967081e-07
