# Pt	errPt	res	errRes
0.38482120	0.0076706588	0.057884600	0.028974436
0.41234334	0.0082192590	0.045627015	0.051822459
0.44183385	0.0088070947	0.044818839	0.040250426
0.47343350	0.0094369719	0.054984970	0.027686884
0.50729314	0.010111898	0.056527884	0.030253882
0.54357439	0.010835094	0.057005624	0.049351777
0.58245046	0.011610012	0.057178349	0.028837003
0.62410691	0.012440352	0.055627240	0.040347955
0.66874260	0.013330077	0.054088356	0.042513770
0.71657061	0.014283435	0.055639432	0.051495395
0.76781924	0.015304976	0.024134822	0.015063567
0.82273314	0.016399578	0.026740078	0.018947181
0.88157444	0.017572464	0.055829888	0.040690461
0.94462403	0.018829234	0.030045082	0.022241931
1.0121829	0.020175888	0.021752442	0.0093951314
1.0845735	0.021618854	0.016016056	0.0037135380
1.1621414	0.023165019	0.015353490	0.0031424392
1.2452570	0.024821765	0.019531528	0.0053007732
1.3343169	0.026597001	0.0096589757	0.00066932470
1.4297463	0.028499200	0.010178962	0.00072041549
1.5320008	0.030537443	0.0071103642	0.00024258213
1.6415684	0.032721459	0.0074097724	0.00025937150
1.7589723	0.035061675	0.0067214030	0.00019630133
1.8847727	0.037569262	0.0058371621	0.00013223777
2.0195704	0.040256190	0.0054676502	0.00010236790
2.1640086	0.043135284	0.0050124722	0.00013749814
2.3187770	0.046220290	0.0046661204	0.00011402479
2.4846144	0.049525933	0.0043812627	0.00010041643
2.6623122	0.053067993	0.0041728757	8.3518664e-05
2.8527190	0.056863379	0.0037382852	6.6339175e-05
3.0567434	0.060930208	0.0035682314	5.8977592e-05
3.2753596	0.065287895	0.0033675213	5.4865440e-05
3.5096111	0.069957239	0.0032536868	4.8216852e-05
3.7606160	0.074960533	0.0031049295	4.5698862e-05
4.0295726	0.080321658	0.0028502681	4.1440618e-05
4.3177649	0.086066207	0.0026457375	3.4553472e-05
4.6265684	0.092221602	0.0025315791	3.5578665e-05
4.9574574	0.098817227	0.0023579050	2.9388666e-05
5.3120113	0.10588457	0.0023073838	2.8768959e-05
5.6919226	0.11345736	0.0020674805	2.3880102e-05
6.0990050	0.12157175	0.0020298567	2.2582867e-05
6.5352016	0.13026648	0.0018969115	1.9970145e-05
7.0025947	0.13958304	0.0017675183	1.8541116e-05
7.5034154	0.14956593	0.0017236443	1.7613128e-05
8.0400544	0.16026278	0.0015997747	1.5524219e-05
8.6150735	0.17172466	0.0015242589	1.4334313e-05
9.2312176	0.18400629	0.0014355170	1.2267308e-05
9.8914279	0.19716629	0.0013770449	1.3837606e-05
10.598856	0.21126749	0.0012112977	2.6750300e-05
11.356879	0.22637719	0.0011834855	2.9328206e-05
12.169115	0.24256753	0.0010733517	2.4252585e-05
13.039441	0.25991579	0.0010540802	2.2543830e-05
13.972013	0.27850479	0.00099175655	2.2787318e-05
14.971282	0.29842326	0.00096522108	2.1554109e-05
16.042018	0.31976628	0.00090221758	1.8534360e-05
17.189332	0.34263574	0.00083451810	1.6037517e-05
18.418701	0.36714081	0.00081304431	1.4867290e-05
19.735993	0.39339847	0.00077168297	1.3595441e-05
21.147498	0.42153405	0.00072507413	1.3167477e-05
22.659952	0.45168188	0.00068781900	1.1825394e-05
24.280576	0.48398585	0.00065979851	1.0083825e-05
26.017106	0.51860018	0.00060327641	9.9982762e-06
27.877832	0.55569011	0.00057901906	8.7799335e-06
29.871635	0.59543268	0.00053728355	7.4971002e-06
32.008033	0.63801761	0.00051576617	7.1403156e-06
34.297226	0.68364818	0.00048171548	6.2024268e-06
36.750139	0.73254223	0.00046219237	6.1476664e-06
39.378484	0.78493314	0.00042598128	5.0533289e-06
42.194806	0.84107101	0.00040531482	4.7309477e-06
45.212549	0.90122382	0.00037866446	4.3988051e-06
48.446119	0.96567873	0.00036406653	3.9975638e-06
51.910951	1.0347434	0.00034900059	3.8535303e-06
55.623587	1.1087475	0.00032437896	3.3775236e-06
59.601747	1.1880444	0.00031158569	3.0891369e-06
63.864422	1.2730125	0.00029850867	2.9202345e-06
68.431962	1.3640575	0.00028333987	2.6443800e-06
73.326168	1.4616139	0.00026361130	2.4443083e-06
78.570405	1.5661475	0.00025082759	2.1757026e-06
84.189705	1.6781573	0.00024113071	2.0214710e-06
90.210895	1.7981779	0.00022893053	1.8626169e-06
