# Pt	errPt	res	errRes
0.38482120	0.0076706588	0.0055015882	0.0013347656
0.41234334	0.0082192590	0.0029836959	0.00017753767
0.44183385	0.0088070947	0.0027805146	0.00017226899
0.47343350	0.0094369719	0.0026774801	0.00013627471
0.50729314	0.010111898	0.0027149285	0.00016343924
0.54357439	0.010835094	0.0038834505	0.0010772531
0.58245046	0.011610012	0.0024677818	0.00024284851
0.62410691	0.012440352	0.0021200986	0.00011888126
0.66874260	0.013330077	0.0019722242	7.4778364e-05
0.71657061	0.014283435	0.0019426691	7.6303672e-05
0.76781924	0.015304976	0.0018308353	6.4783741e-05
0.82273314	0.016399578	0.0017517038	6.2048345e-05
0.88157444	0.017572464	0.0016792761	5.3700391e-05
0.94462403	0.018829234	0.0015709682	5.9301362e-05
1.0121829	0.020175888	0.0013225358	4.0764361e-05
1.0845735	0.021618854	0.0013864092	4.1731466e-05
1.1621414	0.023165019	0.0012114339	3.5886880e-05
1.2452570	0.024821765	0.0011887768	3.3163811e-05
1.3343169	0.026597001	0.0011468418	2.8315777e-05
1.4297463	0.028499200	0.0010762413	2.5996148e-05
1.5320008	0.030537443	0.0010148820	2.2372829e-05
1.6415684	0.032721459	0.00096475653	2.1191485e-05
1.7589723	0.035061675	0.00094404692	2.0327053e-05
1.8847727	0.037569262	0.00085412525	1.8167309e-05
2.0195704	0.040256190	0.00082122420	1.5661446e-05
2.1640086	0.043135284	0.00078612723	1.4792631e-05
2.3187770	0.046220290	0.00075060178	1.4790186e-05
2.4846144	0.049525933	0.00072678127	1.3335570e-05
2.6623122	0.053067993	0.00069514046	1.2547558e-05
2.8527190	0.056863379	0.00066490607	1.1550460e-05
3.0567434	0.060930208	0.00060717656	9.8231053e-06
3.2753596	0.065287895	0.00057331480	9.4122869e-06
3.5096111	0.069957239	0.00052380112	8.2719302e-06
3.7606160	0.074960533	0.00049630117	7.4370481e-06
4.0295726	0.080321658	0.00047673774	6.9411931e-06
4.3177649	0.086066207	0.00044814381	6.1633597e-06
4.6265684	0.092221602	0.00040728295	5.1986118e-06
4.9574574	0.098817227	0.00038261567	4.7136785e-06
5.3120113	0.10588457	0.00037667956	4.9502446e-06
5.6919226	0.11345736	0.00035050241	4.1612806e-06
6.0990050	0.12157175	0.00032595550	3.7914115e-06
6.5352016	0.13026648	0.00030649021	3.5161276e-06
7.0025947	0.13958304	0.00028082183	3.1014712e-06
7.5034154	0.14956593	0.00026417176	2.7252831e-06
8.0400544	0.16026278	0.00025114630	2.4828823e-06
8.6150735	0.17172466	0.00023285895	2.3342790e-06
9.2312176	0.18400629	0.00021610484	1.9721612e-06
9.8914279	0.19716629	0.00020904688	1.9959607e-06
10.598856	0.21126749	0.00019198445	4.9825940e-06
11.356879	0.22637719	0.00017458216	4.5590930e-06
12.169115	0.24256753	0.00015820362	3.8709991e-06
13.039441	0.25991579	0.00015029283	3.4554963e-06
13.972013	0.27850479	0.00014614461	3.2754134e-06
14.971282	0.29842326	0.00013271036	2.8286685e-06
16.042018	0.31976628	0.00012688735	2.7476780e-06
17.189332	0.34263574	0.00012212969	2.4807003e-06
18.418701	0.36714081	0.00011359741	2.1375212e-06
19.735993	0.39339847	0.00010652478	1.9050587e-06
21.147498	0.42153405	9.9834500e-05	1.7262637e-06
22.659952	0.45168188	9.4555883e-05	1.4972156e-06
24.280576	0.48398585	8.9232612e-05	1.3708951e-06
26.017106	0.51860018	8.2416586e-05	1.3029401e-06
27.877832	0.55569011	8.0284307e-05	1.2220132e-06
29.871635	0.59543268	7.7639095e-05	1.0827341e-06
32.008033	0.63801761	7.2697427e-05	1.0618486e-06
34.297226	0.68364818	6.8435090e-05	9.2284747e-07
36.750139	0.73254223	6.4170054e-05	8.2515632e-07
39.378484	0.78493314	6.1058109e-05	8.0306235e-07
42.194806	0.84107101	5.6065237e-05	6.2648771e-07
45.212549	0.90122382	5.4201693e-05	6.4530343e-07
48.446119	0.96567873	5.1857953e-05	5.9439924e-07
51.910951	1.0347434	4.8460324e-05	4.9805274e-07
55.623587	1.1087475	4.6940762e-05	5.0475931e-07
59.601747	1.1880444	4.4751900e-05	4.6088564e-07
63.864422	1.2730125	4.3099336e-05	4.0108029e-07
68.431962	1.3640575	4.0840735e-05	3.7103453e-07
73.326168	1.4616139	3.9238962e-05	3.5474871e-07
78.570405	1.5661475	3.8274604e-05	3.3278880e-07
84.189705	1.6781573	3.6425347e-05	2.9482127e-07
90.210895	1.7981779	3.4819585e-05	2.7623287e-07
