# Pt	errPt	res	errRes
0.38482120	0.0076706588	0.0044562165	0.0014597280
0.41234334	0.0082192590	0.0021225089	0.00013153140
0.44183385	0.0088070947	0.0019876391	0.00010834239
0.47343350	0.0094369719	0.0020785301	0.00011544422
0.50729314	0.010111898	0.0018445647	9.1757004e-05
0.54357439	0.010835094	0.0019971367	9.6595961e-05
0.58245046	0.011610012	0.0017594938	7.5548431e-05
0.62410691	0.012440352	0.0016350640	6.0377808e-05
0.66874260	0.013330077	0.0015596834	7.0163788e-05
0.71657061	0.014283435	0.0022822004	0.00052700376
0.76781924	0.015304976	0.019442609	0.019408810
0.82273314	0.016399578	0.0012015446	0.00012206289
0.88157444	0.017572464	0.0011632329	7.4324444e-05
0.94462403	0.018829234	0.0011554042	4.0263080e-05
1.0121829	0.020175888	0.0011319447	3.4592125e-05
1.0845735	0.021618854	0.00099825573	2.9460499e-05
1.1621414	0.023165019	0.00096062122	2.5938033e-05
1.2452570	0.024821765	0.00088021478	2.4202283e-05
1.3343169	0.026597001	0.00092021383	2.4026044e-05
1.4297463	0.028499200	0.00083236301	1.9066348e-05
1.5320008	0.030537443	0.00083756108	1.9457055e-05
1.6415684	0.032721459	0.00075350264	1.6865535e-05
1.7589723	0.035061675	0.00068963833	1.5391198e-05
1.8847727	0.037569262	0.00065961726	1.3391114e-05
2.0195704	0.040256190	0.00061692527	1.2578781e-05
2.1640086	0.043135284	0.00059820101	1.1933701e-05
2.3187770	0.046220290	0.00057963336	1.1204145e-05
2.4846144	0.049525933	0.00055964410	1.0065860e-05
2.6623122	0.053067993	0.00049812959	8.3340072e-06
2.8527190	0.056863379	0.00046548583	7.8202210e-06
3.0567434	0.060930208	0.00046274919	7.5346471e-06
3.2753596	0.065287895	0.00043085217	7.3162738e-06
3.5096111	0.069957239	0.00040420180	6.1178702e-06
3.7606160	0.074960533	0.00036948251	5.3857128e-06
4.0295726	0.080321658	0.00035993178	5.0089576e-06
4.3177649	0.086066207	0.00033625368	4.6058017e-06
4.6265684	0.092221602	0.00031721369	3.9712763e-06
4.9574574	0.098817227	0.00028848342	3.6387293e-06
5.3120113	0.10588457	0.00028290077	3.6006819e-06
5.6919226	0.11345736	0.00025321478	3.0759801e-06
6.0990050	0.12157175	0.00024108882	2.7564547e-06
6.5352016	0.13026648	0.00023083222	2.6217416e-06
7.0025947	0.13958304	0.00020795157	2.1656592e-06
7.5034154	0.14956593	0.00019732661	2.0502079e-06
8.0400544	0.16026278	0.00018630738	1.9450013e-06
8.6150735	0.17172466	0.00017397210	1.6794733e-06
9.2312176	0.18400629	0.00016445922	1.5846272e-06
9.8914279	0.19716629	0.00015106718	1.4867818e-06
10.598856	0.21126749	0.00014287953	4.0285624e-06
11.356879	0.22637719	0.00012621782	3.3165533e-06
12.169115	0.24256753	0.00012536579	2.9773248e-06
13.039441	0.25991579	0.00011380318	2.5322265e-06
13.972013	0.27850479	0.00010639225	2.3854119e-06
14.971282	0.29842326	9.7444532e-05	2.1008112e-06
16.042018	0.31976628	0.00010077765	2.2848404e-06
17.189332	0.34263574	8.9138679e-05	1.7795259e-06
18.418701	0.36714081	8.7151238e-05	1.6462393e-06
19.735993	0.39339847	7.9703533e-05	1.3630361e-06
21.147498	0.42153405	7.3413339e-05	1.2330525e-06
22.659952	0.45168188	7.0817562e-05	1.1747409e-06
24.280576	0.48398585	7.0092588e-05	1.1887642e-06
26.017106	0.51860018	6.6373574e-05	1.0204099e-06
27.877832	0.55569011	6.2133012e-05	9.3066470e-07
29.871635	0.59543268	5.9057729e-05	9.1056895e-07
32.008033	0.63801761	5.5348507e-05	7.7725144e-07
34.297226	0.68364818	5.2429561e-05	7.3864160e-07
36.750139	0.73254223	5.0321239e-05	6.5531908e-07
39.378484	0.78493314	4.7665441e-05	5.8472722e-07
42.194806	0.84107101	4.5054485e-05	5.6692542e-07
45.212549	0.90122382	4.3188449e-05	5.0540589e-07
48.446119	0.96567873	4.1705927e-05	4.7136895e-07
51.910951	1.0347434	4.0056033e-05	4.2385630e-07
55.623587	1.1087475	3.8183604e-05	3.9913107e-07
59.601747	1.1880444	3.7068461e-05	3.7451432e-07
63.864422	1.2730125	3.5513802e-05	3.4420999e-07
68.431962	1.3640575	3.4387267e-05	3.3614472e-07
73.326168	1.4616139	3.3012916e-05	2.9473623e-07
78.570405	1.5661475	3.2438737e-05	2.8969853e-07
84.189705	1.6781573	3.1266969e-05	2.5748234e-07
90.210895	1.7981779	3.0590602e-05	2.4065685e-07
