# Pt	errPt	res	errRes
0.38482120	0.0076706588	0.047180574	0.039497669
0.41234334	0.0082192590	0.048497813	0.041446811
0.44183385	0.0088070947	0.054278812	0.033385760
0.47343350	0.0094369719	0.0085885782	0.00090722471
0.50729314	0.010111898	0.0081247873	0.00061309926
0.54357439	0.010835094	0.0064628716	0.00030379598
0.58245046	0.011610012	0.0067836660	0.00034694075
0.62410691	0.012440352	0.0060512528	0.00021875896
0.66874260	0.013330077	0.0059939204	0.00021116937
0.71657061	0.014283435	0.0053888566	0.00016228496
0.76781924	0.015304976	0.0049077693	0.00012479765
0.82273314	0.016399578	0.0046846576	0.00010225110
0.88157444	0.017572464	0.0043135160	8.3256735e-05
0.94462403	0.018829234	0.0039553342	6.9581707e-05
1.0121829	0.020175888	0.0036944433	6.0049114e-05
1.0845735	0.021618854	0.0035786844	6.3507713e-05
1.1621414	0.023165019	0.0033210466	9.2757675e-05
1.2452570	0.024821765	0.0031513836	8.4099119e-05
1.3343169	0.026597001	0.0030212196	7.7246449e-05
1.4297463	0.028499200	0.0029014298	7.5487045e-05
1.5320008	0.030537443	0.0026998582	6.2429244e-05
1.6415684	0.032721459	0.0025136065	5.9678833e-05
1.7589723	0.035061675	0.0021481803	4.8211686e-05
1.8847727	0.037569262	0.0022202266	5.0159261e-05
2.0195704	0.040256190	0.0020669342	3.8400934e-05
2.1640086	0.043135284	0.0019446617	3.6659999e-05
2.3187770	0.046220290	0.0018356067	3.5759890e-05
2.4846144	0.049525933	0.0018023281	3.3563309e-05
2.6623122	0.053067993	0.0016250268	2.8632112e-05
2.8527190	0.056863379	0.0015222716	2.5748236e-05
3.0567434	0.060930208	0.0014723204	2.4224064e-05
3.2753596	0.065287895	0.0013779912	2.0428285e-05
3.5096111	0.069957239	0.0013578161	2.1569822e-05
3.7606160	0.074960533	0.0012523531	1.8732091e-05
4.0295726	0.080321658	0.0011974234	1.7165530e-05
4.3177649	0.086066207	0.0011428945	1.5180287e-05
4.6265684	0.092221602	0.0010471457	1.3353816e-05
4.9574574	0.098817227	0.0010158604	1.2933920e-05
5.3120113	0.10588457	0.00094210129	1.1233119e-05
5.6919226	0.11345736	0.00089551246	1.0153861e-05
6.0990050	0.12157175	0.00087101187	9.4588440e-06
6.5352016	0.13026648	0.00081494163	8.4416196e-06
7.0025947	0.13958304	0.00077147236	8.4088078e-06
7.5034154	0.14956593	0.00072481255	7.3616958e-06
8.0400544	0.16026278	0.00068105169	6.7023286e-06
8.6150735	0.17172466	0.00065724652	6.2053662e-06
9.2312176	0.18400629	0.00061339171	5.5885069e-06
9.8914279	0.19716629	0.00058387499	5.6863018e-06
10.598856	0.21126749	0.00053972513	1.3221290e-05
11.356879	0.22637719	0.00052351684	1.2505389e-05
12.169115	0.24256753	0.00046402743	1.1605435e-05
13.039441	0.25991579	0.00046177330	1.0157801e-05
13.972013	0.27850479	0.00040847618	8.9861662e-06
14.971282	0.29842326	0.00038810774	7.9171227e-06
16.042018	0.31976628	0.00037837417	8.1864753e-06
17.189332	0.34263574	0.00034351033	6.6379560e-06
18.418701	0.36714081	0.00032822469	5.7012794e-06
19.735993	0.39339847	0.00032073292	5.6675125e-06
21.147498	0.42153405	0.00029960777	5.2048664e-06
22.659952	0.45168188	0.00026609928	4.7350524e-06
24.280576	0.48398585	0.00025057213	3.8468273e-06
26.017106	0.51860018	0.00024361727	3.8111121e-06
27.877832	0.55569011	0.00023271617	3.5512828e-06
29.871635	0.59543268	0.00021465530	2.9946737e-06
32.008033	0.63801761	0.00020374050	2.7931219e-06
34.297226	0.68364818	0.00018430838	2.3596660e-06
36.750139	0.73254223	0.00017905528	2.4387936e-06
39.378484	0.78493314	0.00017110390	2.1813276e-06
42.194806	0.84107101	0.00016308188	2.0315363e-06
45.212549	0.90122382	0.00015118541	1.7095158e-06
48.446119	0.96567873	0.00014353611	1.6008241e-06
51.910951	1.0347434	0.00013681913	1.5455529e-06
55.623587	1.1087475	0.00013039029	1.3993868e-06
59.601747	1.1880444	0.00012163912	1.1911214e-06
63.864422	1.2730125	0.00011579864	1.1164709e-06
68.431962	1.3640575	0.00011207639	1.0495530e-06
73.326168	1.4616139	0.00010782339	9.8776533e-07
78.570405	1.5661475	0.00010166476	8.5513477e-07
84.189705	1.6781573	9.9621497e-05	8.2282360e-07
90.210895	1.7981779	9.3917187e-05	7.2819258e-07
