# Pt	errPt	res	errRes
0.10357597	0.0020645845	0.028850233	0.0012091618
0.11098365	0.0022122422	0.025453383	0.00072189090
0.11892112	0.0023704602	0.024270898	0.00068461680
0.12742628	0.0025399938	0.020965370	0.00053479939
0.13653971	0.0027216524	0.018298525	0.00038225898
0.14630494	0.0029163031	0.017228354	0.00031128856
0.15676857	0.0031248751	0.016434882	0.00028843324
0.16798055	0.0033483640	0.015149666	0.00023786939
0.17999440	0.0035878367	0.015434429	0.00023938360
0.19286747	0.0038444363	0.014390485	0.00021105697
0.20666122	0.0041193877	0.014349381	0.00021398138
0.22144149	0.0044140034	0.014119103	0.00020997602
0.23727883	0.0047296899	0.014045281	0.00019721087
0.25424885	0.0050679540	0.013813690	0.00019313826
0.27243255	0.0054304105	0.013123612	0.00017229482
0.29191673	0.0058187897	0.013186013	0.00016858039
0.31279441	0.0062349455	0.012664996	0.00014796488
0.33516525	0.0066808645	0.012758778	0.00015863736
0.35913604	0.0071586753	0.012564061	0.00015710859
0.38482120	0.0076706588	0.012636504	0.00024098936
0.41234334	0.0082192590	0.012298207	0.00023899752
0.44183385	0.0088070947	0.011918809	0.00019914553
0.47343350	0.0094369719	0.012305506	0.00023370526
0.50729314	0.010111898	0.011782356	0.00020408266
0.54357439	0.010835094	0.012123258	0.00019703913
0.58245046	0.011610012	0.012218968	0.00018546261
0.62410691	0.012440352	0.012018672	0.00017811064
0.66874260	0.013330077	0.011657589	0.00016270335
0.71657061	0.014283435	0.012006378	0.00017072514
0.76781924	0.015304976	0.012124424	0.00015993691
0.82273314	0.016399578	0.011506909	0.00015319108
0.88157444	0.017572464	0.011942692	0.00015275062
0.94462403	0.018829234	0.011547558	0.00015425035
1.0121829	0.020175888	0.011979642	0.00014428208
1.0845735	0.021618854	0.011810602	0.00013360507
1.1621414	0.023165019	0.011942033	0.00013315163
1.2452570	0.024821765	0.011821389	0.00012842405
1.3343169	0.026597001	0.011814521	0.00012564823
1.4297463	0.028499200	0.011868654	0.00011682646
1.5320008	0.030537443	0.012155794	0.00011391504
1.6415684	0.032721459	0.012128357	0.00011890603
1.7589723	0.035061675	0.011516352	0.00013498095
1.8847727	0.037569262	0.010972776	0.00025086117
2.0195704	0.040256190	0.011794025	0.00029161357
2.1640086	0.043135284	0.012016191	0.00030093850
2.3187770	0.046220290	0.011976976	0.00027896823
2.4846144	0.049525933	0.011858595	0.00025712332
2.6623122	0.053067993	0.010927396	0.00021303111
2.8527190	0.056863379	0.011718821	0.00023386277
3.0567434	0.060930208	0.012202313	0.00023660929
3.2753596	0.065287895	0.011942459	0.00021864985
3.5096111	0.069957239	0.012737708	0.00023558413
3.7606160	0.074960533	0.012088006	0.00021267946
4.0295726	0.080321658	0.012273458	0.00020397863
4.3177649	0.086066207	0.012831409	0.00021308713
4.6265684	0.092221602	0.013267419	0.00018953578
4.9574574	0.098817227	0.012768252	0.00019128654
5.3120113	0.10588457	0.013348749	0.00018884287
5.6919226	0.11345736	0.013220081	0.00016657906
6.0990050	0.12157175	0.013719571	0.00018076906
6.5352016	0.13026648	0.014317363	0.00017750296
7.0025947	0.13958304	0.014315851	0.00017666074
7.5034154	0.14956593	0.014836752	0.00017066851
8.0400544	0.16026278	0.015200444	0.00016519949
8.6150735	0.17172466	0.015614717	0.00017315378
9.2312176	0.18400629	0.016306372	0.00017129545
9.8914279	0.19716629	0.016713010	0.00018186477
10.598856	0.21126749	0.016875539	0.00015916646
11.356879	0.22637719	0.017218303	0.00016037059
12.169115	0.24256753	0.017925976	0.00017200526
13.039441	0.25991579	0.019284466	0.00018731878
13.972013	0.27850479	0.020088087	0.00019405233
14.971282	0.29842326	0.020531008	0.00019743217
16.042018	0.31976628	0.021711737	0.00021185027
17.189332	0.34263574	0.022332448	0.00024017188
18.418701	0.36714081	0.024781707	0.00040877321
19.735993	0.39339847	0.025124817	0.00040840894
21.147498	0.42153405	0.027031792	0.00048688924
22.659952	0.45168188	0.029257808	0.00057151587
24.280576	0.48398585	0.031293984	0.00064365644
26.017106	0.51860018	0.034091104	0.00080601137
27.877832	0.55569011	0.037716029	0.0010440377
29.871635	0.59543268	0.040013866	0.0012181475
32.008033	0.63801761	0.043599187	0.0015351070
34.297226	0.68364818	0.046976354	0.0018516838
36.750139	0.73254223	0.059539456	0.0035065924
39.378484	0.78493314	0.069241586	0.0056572846
42.194806	0.84107101	0.078501140	0.0079863214
45.212549	0.90122382	0.36337508	0.0048281169
48.446119	0.96567873	0.047861514	0.0020171477
51.910951	1.0347434	0.053673791	0.0028686210
55.623587	1.1087475	0.39118515	0.059125178
59.601747	1.1880444	0.066448868	0.0050736277
63.864422	1.2730125	0.40370195	0.050948159
68.431962	1.3640575	0.41559327	0.047985603
73.326168	1.4616139	0.41847364	0.040024830
78.570405	1.5661475	0.42755358	0.036727630
84.189705	1.6781573	0.42276542	0.034709822
90.210895	1.7981779	0.19926812	0.21358961
