# Pt	errPt	res	errRes
0.13653971	0.0027216524	0.026790062	0.0034273748
0.14630494	0.0029163031	0.026743118	0.0018366064
0.15676857	0.0031248751	0.015539256	0.00063401789
0.16798055	0.0033483640	0.0080874123	0.00020073233
0.17999440	0.0035878367	0.0070008135	0.00016415876
0.19286747	0.0038444363	0.0067780968	0.00014801537
0.20666122	0.0041193877	0.0063673569	0.00014771987
0.22144149	0.0044140034	0.0059900084	0.00011751136
0.23727883	0.0047296899	0.0056813927	0.00010582023
0.25424885	0.0050679540	0.0052085023	0.00010094121
0.27243255	0.0054304105	0.0048891593	8.6163469e-05
0.29191673	0.0058187897	0.0047174807	8.6296586e-05
0.31279441	0.0062349455	0.0043692235	7.2972975e-05
0.33516525	0.0066808645	0.0041433099	7.0559885e-05
0.35913604	0.0071586753	0.0040668296	6.7911680e-05
0.38482120	0.0076706588	0.0036407853	8.3993633e-05
0.41234334	0.0082192590	0.0036020200	0.00012254298
0.44183385	0.0088070947	0.0031553297	9.2471135e-05
0.47343350	0.0094369719	0.0033181687	9.6746430e-05
0.50729314	0.010111898	0.0032441520	9.0155803e-05
0.54357439	0.010835094	0.0031299845	7.6581193e-05
0.58245046	0.011610012	0.0031227361	7.7497847e-05
0.62410691	0.012440352	0.0030473726	6.7539920e-05
0.66874260	0.013330077	0.0030168360	6.3599655e-05
0.71657061	0.014283435	0.0029818355	6.1002162e-05
0.76781924	0.015304976	0.0030123559	6.2238826e-05
0.82273314	0.016399578	0.0030345466	5.9739089e-05
0.88157444	0.017572464	0.0028993175	5.4099258e-05
0.94462403	0.018829234	0.0029489150	5.4928308e-05
1.0121829	0.020175888	0.0027837664	5.0783359e-05
1.0845735	0.021618854	0.0028129311	4.9688512e-05
1.1621414	0.023165019	0.0027809055	4.7176196e-05
1.2452570	0.024821765	0.0029341711	4.4196859e-05
1.3343169	0.026597001	0.0030857004	4.5464196e-05
1.4297463	0.028499200	0.0030800547	4.5739656e-05
1.5320008	0.030537443	0.0031731468	4.4395222e-05
1.6415684	0.032721459	0.0033353059	4.4159226e-05
1.7589723	0.035061675	0.0033444454	4.3747591e-05
1.8847727	0.037569262	0.0035725450	4.7568372e-05
2.0195704	0.040256190	0.0036494980	4.3754931e-05
2.1640086	0.043135284	0.0037227301	3.9422241e-05
2.3187770	0.046220290	0.0038768048	4.4401620e-05
2.4846144	0.049525933	0.0040439559	4.2574279e-05
2.6623122	0.053067993	0.0042472173	4.3006846e-05
2.8527190	0.056863379	0.0043603027	4.1299552e-05
3.0567434	0.060930208	0.0045609286	4.2258096e-05
3.2753596	0.065287895	0.0046194202	4.0050848e-05
3.5096111	0.069957239	0.0047323786	6.8799246e-05
3.7606160	0.074960533	0.0048279608	0.00013207385
4.0295726	0.080321658	0.0050321618	0.00012002201
4.3177649	0.086066207	0.0051887752	0.00011661869
4.6265684	0.092221602	0.0053099141	0.00011208819
4.9574574	0.098817227	0.0056572668	0.00012508880
5.3120113	0.10588457	0.0057057050	0.00010345345
5.6919226	0.11345736	0.0058580908	0.00011406876
6.0990050	0.12157175	0.0062312465	0.00011325018
6.5352016	0.13026648	0.0063198757	0.00011505073
7.0025947	0.13958304	0.0065334304	0.00011344081
7.5034154	0.14956593	0.0067553147	0.00010410384
8.0400544	0.16026278	0.0069419253	0.00012131002
8.6150735	0.17172466	0.0071045431	0.00011575924
9.2312176	0.18400629	0.0072610358	0.00011000326
9.8914279	0.19716629	0.0073182648	0.00010066283
10.598856	0.21126749	0.0074702704	0.00010012728
11.356879	0.22637719	0.0076622195	0.00010513314
12.169115	0.24256753	0.0078328273	0.00010179936
13.039441	0.25991579	0.0080055215	9.7349414e-05
13.972013	0.27850479	0.0082637035	0.00010355000
14.971282	0.29842326	0.0084923016	9.4279498e-05
16.042018	0.31976628	0.0084486405	9.3722622e-05
17.189332	0.34263574	0.0085881250	9.7149937e-05
18.418701	0.36714081	0.0087931569	8.9144214e-05
19.735993	0.39339847	0.0092649766	9.2198610e-05
21.147498	0.42153405	0.0094981449	8.8593662e-05
22.659952	0.45168188	0.0095115391	8.7419074e-05
24.280576	0.48398585	0.0097965405	8.8199840e-05
26.017106	0.51860018	0.010169407	8.7687447e-05
27.877832	0.55569011	0.010511966	8.8873927e-05
29.871635	0.59543268	0.010976697	8.5815631e-05
32.008033	0.63801761	0.011304937	8.9695609e-05
34.297226	0.68364818	0.011712700	0.00011169633
36.750139	0.73254223	0.011898760	0.00015056627
39.378484	0.78493314	0.012772600	0.00015924901
42.194806	0.84107101	0.013166148	0.00014846682
45.212549	0.90122382	0.013656888	0.00015026479
48.446119	0.96567873	0.014466256	0.00015405364
51.910951	1.0347434	0.015383947	0.00016199685
55.623587	1.1087475	0.016036357	0.00016603939
59.601747	1.1880444	0.016938562	0.00016652231
63.864422	1.2730125	0.017992420	0.00017585362
68.431962	1.3640575	0.019121377	0.00019517287
73.326168	1.4616139	0.019883250	0.00020436299
78.570405	1.5661475	0.021055379	0.00021525826
84.189705	1.6781573	0.022388790	0.00023985129
90.210895	1.7981779	0.024587227	0.00028959044
