# Pt	errPt	res	errRes
0.19286747	0.0038444363	0.0084586771	0.00074808683
0.20666122	0.0041193877	0.0065165032	0.00036196570
0.22144149	0.0044140034	0.022946825	0.0030364065
0.23727883	0.0047296899	0.014294505	0.0014715299
0.25424885	0.0050679540	0.0053582393	0.00022253304
0.27243255	0.0054304105	0.0037433321	9.3912039e-05
0.29191673	0.0058187897	0.0034705632	7.5819592e-05
0.31279441	0.0062349455	0.0032635692	7.2768277e-05
0.33516525	0.0066808645	0.0031158171	7.1419189e-05
0.35913604	0.0071586753	0.0029984268	6.1997075e-05
0.38482120	0.0076706588	0.0027557876	5.2293063e-05
0.41234334	0.0082192590	0.0026410926	5.1994757e-05
0.44183385	0.0088070947	0.0024605549	4.3520234e-05
0.47343350	0.0094369719	0.0023526913	4.1515146e-05
0.50729314	0.010111898	0.0022317067	3.9310916e-05
0.54357439	0.010835094	0.0021778764	4.0535886e-05
0.58245046	0.011610012	0.0020166521	6.5189504e-05
0.62410691	0.012440352	0.0019604615	6.3467559e-05
0.66874260	0.013330077	0.0017855462	4.3035637e-05
0.71657061	0.014283435	0.0017531419	4.5466584e-05
0.76781924	0.015304976	0.0017208957	4.0275445e-05
0.82273314	0.016399578	0.0017197658	4.2840420e-05
0.88157444	0.017572464	0.0016523609	4.3465910e-05
0.94462403	0.018829234	0.0014968946	3.4758649e-05
1.0121829	0.020175888	0.0014925415	3.4538649e-05
1.0845735	0.021618854	0.0014530880	2.9991419e-05
1.1621414	0.023165019	0.0014100569	3.0612657e-05
1.2452570	0.024821765	0.0014443770	2.6682262e-05
1.3343169	0.026597001	0.0013993399	2.5447227e-05
1.4297463	0.028499200	0.0013735120	2.4877728e-05
1.5320008	0.030537443	0.0013699069	2.3461635e-05
1.6415684	0.032721459	0.0014137968	2.3923012e-05
1.7589723	0.035061675	0.0013838827	2.3506169e-05
1.8847727	0.037569262	0.0013619387	2.2638845e-05
2.0195704	0.040256190	0.0013360248	2.0630045e-05
2.1640086	0.043135284	0.0013443596	2.0803804e-05
2.3187770	0.046220290	0.0013609319	2.0928788e-05
2.4846144	0.049525933	0.0014041915	1.9479102e-05
2.6623122	0.053067993	0.0014027492	1.8417494e-05
2.8527190	0.056863379	0.0014299237	1.8215387e-05
3.0567434	0.060930208	0.0014653598	1.7910405e-05
3.2753596	0.065287895	0.0014735118	1.7508879e-05
3.5096111	0.069957239	0.0015233410	1.7986279e-05
3.7606160	0.074960533	0.0015866113	1.7925008e-05
4.0295726	0.080321658	0.0016405868	1.7250258e-05
4.3177649	0.086066207	0.0016980404	1.7515847e-05
4.6265684	0.092221602	0.0017521454	1.6644656e-05
4.9574574	0.098817227	0.0018294437	1.8805866e-05
5.3120113	0.10588457	0.0015622435	4.0676571e-05
5.6919226	0.11345736	0.0018704389	4.6564147e-05
6.0990050	0.12157175	0.0020280580	4.6649730e-05
6.5352016	0.13026648	0.0019940173	4.5378735e-05
7.0025947	0.13958304	0.0020597370	4.6987301e-05
7.5034154	0.14956593	0.0020873739	4.3118260e-05
8.0400544	0.16026278	0.0022719305	4.6090781e-05
8.6150735	0.17172466	0.0023178626	4.5720942e-05
9.2312176	0.18400629	0.0024304518	4.5013859e-05
9.8914279	0.19716629	0.0025593459	4.5342098e-05
10.598856	0.21126749	0.0027057793	4.8185418e-05
11.356879	0.22637719	0.0028114249	4.4222495e-05
12.169115	0.24256753	0.0028430240	4.7249046e-05
13.039441	0.25991579	0.0029314266	4.6497976e-05
13.972013	0.27850479	0.0031488898	4.1735576e-05
14.971282	0.29842326	0.0031608512	4.3665070e-05
16.042018	0.31976628	0.0034029514	4.6479228e-05
17.189332	0.34263574	0.0034758702	4.4721361e-05
18.418701	0.36714081	0.0035774791	4.3454041e-05
19.735993	0.39339847	0.0036541369	4.4470568e-05
21.147498	0.42153405	0.0039267234	4.4668008e-05
22.659952	0.45168188	0.0040611523	4.6071368e-05
24.280576	0.48398585	0.0040875595	4.4987646e-05
26.017106	0.51860018	0.0042285589	4.4784135e-05
27.877832	0.55569011	0.0043445334	4.3641696e-05
29.871635	0.59543268	0.0045721104	4.3316309e-05
32.008033	0.63801761	0.0046387427	4.1256697e-05
34.297226	0.68364818	0.0050041979	4.3927559e-05
36.750139	0.73254223	0.0051335603	4.5100962e-05
39.378484	0.78493314	0.0053333581	4.5677118e-05
42.194806	0.84107101	0.0055396230	4.5243489e-05
45.212549	0.90122382	0.0057838564	4.5820464e-05
48.446119	0.96567873	0.0060499143	4.5547958e-05
51.910951	1.0347434	0.0063188752	6.5819163e-05
55.623587	1.1087475	0.0063351544	6.1831596e-05
59.601747	1.1880444	0.0068293126	6.4627427e-05
63.864422	1.2730125	0.0071095178	6.3911253e-05
68.431962	1.3640575	0.0075264092	6.9965732e-05
73.326168	1.4616139	0.0078023564	6.9931152e-05
78.570405	1.5661475	0.0085850601	7.4270970e-05
84.189705	1.6781573	0.0088907302	9.2227973e-05
