# Pt	errPt	res	errRes
0.27243255	0.0054304105	0.0056809002	0.0023932873
0.29191673	0.0058187897	0.0026516176	0.00021234282
0.31279441	0.0062349455	0.0021647515	0.00013894365
0.33516525	0.0066808645	0.0021767239	0.00019253192
0.35913604	0.0071586753	0.0023297510	0.00016445573
0.38482120	0.0076706588	0.0052232196	0.0013752067
0.41234334	0.0082192590	0.0022775354	0.00016745653
0.44183385	0.0088070947	0.0019176180	0.00012089991
0.47343350	0.0094369719	0.0014684285	6.5587782e-05
0.50729314	0.010111898	0.0014151555	5.6263571e-05
0.54357439	0.010835094	0.0013867785	5.8352743e-05
0.58245046	0.011610012	0.0014929575	5.6776366e-05
0.62410691	0.012440352	0.0012341306	4.1230189e-05
0.66874260	0.013330077	0.0013387729	4.4886876e-05
0.71657061	0.014283435	0.0011129625	3.7940131e-05
0.76781924	0.015304976	0.0011985255	3.8920664e-05
0.82273314	0.016399578	0.0010185885	3.1227161e-05
0.88157444	0.017572464	0.00096260303	2.5938618e-05
0.94462403	0.018829234	0.0010376561	3.1182992e-05
1.0121829	0.020175888	0.00094465098	2.5046116e-05
1.0845735	0.021618854	0.00096412609	2.7115396e-05
1.1621414	0.023165019	0.00092651195	2.1779282e-05
1.2452570	0.024821765	0.00091767794	2.1102469e-05
1.3343169	0.026597001	0.00091123041	2.2123103e-05
1.4297463	0.028499200	0.00083739463	1.8474040e-05
1.5320008	0.030537443	0.00087279360	1.8897502e-05
1.6415684	0.032721459	0.00083243492	1.7241342e-05
1.7589723	0.035061675	0.00083213502	1.6866364e-05
1.8847727	0.037569262	0.00076094459	1.4137529e-05
2.0195704	0.040256190	0.00076531401	1.3913871e-05
2.1640086	0.043135284	0.00075979384	1.4063404e-05
2.3187770	0.046220290	0.00073086394	1.3289802e-05
2.4846144	0.049525933	0.00074868274	1.2246665e-05
2.6623122	0.053067993	0.00072263925	1.1803428e-05
2.8527190	0.056863379	0.00076600023	1.2282379e-05
3.0567434	0.060930208	0.00075202723	1.1837811e-05
3.2753596	0.065287895	0.00074374790	1.0846702e-05
3.5096111	0.069957239	0.00075642675	1.0600508e-05
3.7606160	0.074960533	0.00074324363	1.0248636e-05
4.0295726	0.080321658	0.00075305689	1.0456183e-05
4.3177649	0.086066207	0.00077228806	9.9583997e-06
4.6265684	0.092221602	0.00074064613	8.5185294e-06
4.9574574	0.098817227	0.00078843751	8.9757299e-06
5.3120113	0.10588457	0.00077922229	8.8768723e-06
5.6919226	0.11345736	0.00079858493	8.2757142e-06
6.0990050	0.12157175	0.00079840818	8.5194274e-06
6.5352016	0.13026648	0.00083602472	8.5127891e-06
7.0025947	0.13958304	0.00084575671	8.5772559e-06
7.5034154	0.14956593	0.00086659758	2.4917189e-05
8.0400544	0.16026278	0.00085634070	2.2545042e-05
8.6150735	0.17172466	0.00091350888	2.1262737e-05
9.2312176	0.18400629	0.00092381411	2.0078115e-05
9.8914279	0.19716629	0.00094168141	2.1513236e-05
10.598856	0.21126749	0.00098722108	2.0516275e-05
11.356879	0.22637719	0.00099353864	2.0620403e-05
12.169115	0.24256753	0.0010342163	2.1544212e-05
13.039441	0.25991579	0.0011405310	2.1459084e-05
13.972013	0.27850479	0.0011276196	2.1325910e-05
14.971282	0.29842326	0.0011966298	2.1689911e-05
16.042018	0.31976628	0.0012343330	1.8721722e-05
17.189332	0.34263574	0.0012597956	2.0669350e-05
18.418701	0.36714081	0.0013102625	2.0739790e-05
19.735993	0.39339847	0.0013672224	2.1194882e-05
21.147498	0.42153405	0.0014244722	1.9338832e-05
22.659952	0.45168188	0.0014781671	1.9603608e-05
24.280576	0.48398585	0.0015321725	2.0013082e-05
26.017106	0.51860018	0.0015857813	1.9867925e-05
27.877832	0.55569011	0.0016678065	1.9752892e-05
29.871635	0.59543268	0.0017418032	2.0527996e-05
32.008033	0.63801761	0.0018118514	2.1345323e-05
34.297226	0.68364818	0.0019157573	2.0032989e-05
36.750139	0.73254223	0.0019803545	2.0883074e-05
39.378484	0.78493314	0.0020467648	2.0461990e-05
42.194806	0.84107101	0.0021682370	2.0825782e-05
45.212549	0.90122382	0.0022899118	2.1565179e-05
48.446119	0.96567873	0.0024087823	2.1246076e-05
51.910951	1.0347434	0.0025887679	2.2179463e-05
55.623587	1.1087475	0.0026663777	2.1721216e-05
59.601747	1.1880444	0.0028306605	2.2166504e-05
63.864422	1.2730125	0.0030125877	2.1628216e-05
68.431962	1.3640575	0.0031990322	2.3774386e-05
73.326168	1.4616139	0.011918455	0.016929310
