# Pt	errPt	res	errRes
0.25424885	0.0050679540	0.0029989306	0.00011299761
0.27243255	0.0054304105	0.0029866081	7.3102259e-05
0.29191673	0.0058187897	0.0032392335	0.00010784068
0.31279441	0.0062349455	0.016635532	0.0018691193
0.33516525	0.0066808645	0.0034581114	0.00031543750
0.35913604	0.0071586753	0.0027110594	0.00010694080
0.38482120	0.0076706588	0.0024142111	6.3374975e-05
0.41234334	0.0082192590	0.0019787614	4.0267341e-05
0.44183385	0.0088070947	0.0018952784	3.8459247e-05
0.47343350	0.0094369719	0.0018968260	3.6650157e-05
0.50729314	0.010111898	0.0016940340	3.0681999e-05
0.54357439	0.010835094	0.0017002017	2.9225563e-05
0.58245046	0.011610012	0.0015954019	2.7262287e-05
0.62410691	0.012440352	0.0015334379	2.7665081e-05
0.66874260	0.013330077	0.0014392321	2.3274617e-05
0.71657061	0.014283435	0.0014034079	3.2552471e-05
0.76781924	0.015304976	0.0012218221	3.4830616e-05
0.82273314	0.016399578	0.0012847670	3.7255306e-05
0.88157444	0.017572464	0.0012324157	3.6838677e-05
0.94462403	0.018829234	0.00099791801	2.3706834e-05
1.0121829	0.020175888	0.0010869779	2.6407760e-05
1.0845735	0.021618854	0.0010689615	2.5592342e-05
1.1621414	0.023165019	0.0010998506	2.5149145e-05
1.2452570	0.024821765	0.0010530771	2.6911327e-05
1.3343169	0.026597001	0.0010359963	2.4981735e-05
1.4297463	0.028499200	0.00097745565	2.0703731e-05
1.5320008	0.030537443	0.00095366579	1.9824012e-05
1.6415684	0.032721459	0.00093151662	1.6640607e-05
1.7589723	0.035061675	0.00090567235	1.7535123e-05
1.8847727	0.037569262	0.00092308162	1.8425013e-05
2.0195704	0.040256190	0.00089200161	1.5473040e-05
2.1640086	0.043135284	0.00088212340	1.5127348e-05
2.3187770	0.046220290	0.00090902624	1.5367185e-05
2.4846144	0.049525933	0.00085399377	1.4218498e-05
2.6623122	0.053067993	0.00085478881	1.2619616e-05
2.8527190	0.056863379	0.00084632220	1.3824007e-05
3.0567434	0.060930208	0.00084774459	1.2776498e-05
3.2753596	0.065287895	0.00088405754	1.2582439e-05
3.5096111	0.069957239	0.00087513952	1.1947512e-05
3.7606160	0.074960533	0.00087642936	1.1457077e-05
4.0295726	0.080321658	0.00090903048	1.1922991e-05
4.3177649	0.086066207	0.00091365515	1.1377389e-05
4.6265684	0.092221602	0.00091476320	1.1153451e-05
4.9574574	0.098817227	0.00091876717	1.0315810e-05
5.3120113	0.10588457	0.00094229315	9.7812612e-06
5.6919226	0.11345736	0.00093305699	9.6918008e-06
6.0990050	0.12157175	0.00097451048	9.7140773e-06
6.5352016	0.13026648	0.00098043380	1.2972854e-05
7.0025947	0.13958304	0.00094818395	2.6071513e-05
7.5034154	0.14956593	0.0010737057	2.8262744e-05
8.0400544	0.16026278	0.0010435100	2.6200296e-05
8.6150735	0.17172466	0.0010352894	2.6457132e-05
9.2312176	0.18400629	0.0010857888	2.5162848e-05
9.8914279	0.19716629	0.0011318583	2.4646592e-05
10.598856	0.21126749	0.0011543160	2.4064976e-05
11.356879	0.22637719	0.0012073460	2.2802365e-05
12.169115	0.24256753	0.0012359414	2.3930311e-05
13.039441	0.25991579	0.0012765353	2.4100686e-05
13.972013	0.27850479	0.0012985884	2.0984936e-05
14.971282	0.29842326	0.0013126420	2.1095418e-05
16.042018	0.31976628	0.0013926649	2.2508514e-05
17.189332	0.34263574	0.0014856170	2.3544407e-05
18.418701	0.36714081	0.0015621491	2.2478336e-05
19.735993	0.39339847	0.0016205715	2.2728162e-05
21.147498	0.42153405	0.0016222634	2.1240353e-05
22.659952	0.45168188	0.0017464509	2.2992262e-05
24.280576	0.48398585	0.0017598248	2.1267432e-05
26.017106	0.51860018	0.0018587726	2.2182902e-05
27.877832	0.55569011	0.0019487123	2.2989178e-05
29.871635	0.59543268	0.0020173989	2.3068307e-05
32.008033	0.63801761	0.0021298835	2.3575996e-05
34.297226	0.68364818	0.0021596856	2.2450946e-05
36.750139	0.73254223	0.0023129310	2.2935714e-05
39.378484	0.78493314	0.0023868990	2.2390621e-05
42.194806	0.84107101	0.0025411159	2.3739808e-05
45.212549	0.90122382	0.0026509354	2.3776509e-05
48.446119	0.96567873	0.0027601273	2.2967276e-05
51.910951	1.0347434	0.0029207584	2.3742732e-05
55.623587	1.1087475	0.0031104072	2.4318647e-05
59.601747	1.1880444	0.0032565651	1.9242112e-05
63.864422	1.2730125	0.0034538773	2.1765934e-05
68.431962	1.3640575	0.0036818509	3.2678991e-05
73.326168	1.4616139	0.0038725479	3.1940809e-05
78.570405	1.5661475	0.0040562274	3.2955357e-05
84.189705	1.6781573	0.0043640263	3.4524538e-05
90.210895	1.7981779	0.0044528285	5.1906526e-05
