# Pt	errPt	res	errRes
0.33516525	0.0066808645	0.0023179706	0.00061262927
0.35913604	0.0071586753	0.0014656307	8.9582358e-05
0.38482120	0.0076706588	0.0013165274	7.6803728e-05
0.41234334	0.0082192590	0.0010776703	7.1252256e-05
0.44183385	0.0088070947	0.0011886996	6.1017125e-05
0.47343350	0.0094369719	0.0012113263	6.4018325e-05
0.50729314	0.010111898	0.0012062182	7.0297331e-05
0.54357439	0.010835094	0.0010960197	6.0857225e-05
0.58245046	0.011610012	0.00095726793	5.2765773e-05
0.62410691	0.012440352	0.0015322933	0.00060265338
0.66874260	0.013330077	0.0053663179	0.0076213803
0.71657061	0.014283435	0.00099666996	9.3744729e-05
0.76781924	0.015304976	0.00087708247	4.7717637e-05
0.82273314	0.016399578	0.00085252580	3.1418168e-05
0.88157444	0.017572464	0.00078965845	2.5565979e-05
0.94462403	0.018829234	0.00081492327	2.8357783e-05
1.0121829	0.020175888	0.00079866618	2.3303750e-05
1.0845735	0.021618854	0.00077985154	2.7876758e-05
1.1621414	0.023165019	0.00075467612	2.1737038e-05
1.2452570	0.024821765	0.00076984858	2.2287820e-05
1.3343169	0.026597001	0.00077217909	2.4055059e-05
1.4297463	0.028499200	0.00070893639	1.8860872e-05
1.5320008	0.030537443	0.00068870866	1.8320448e-05
1.6415684	0.032721459	0.00068246686	1.5411359e-05
1.7589723	0.035061675	0.00062721864	1.3990319e-05
1.8847727	0.037569262	0.00063489869	1.4440036e-05
2.0195704	0.040256190	0.00066754909	1.4779220e-05
2.1640086	0.043135284	0.00065262254	1.3918550e-05
2.3187770	0.046220290	0.00068090264	1.3194396e-05
2.4846144	0.049525933	0.00067100376	1.3545574e-05
2.6623122	0.053067993	0.00067282177	1.2601937e-05
2.8527190	0.056863379	0.00068545758	1.2456936e-05
3.0567434	0.060930208	0.00065117562	1.1104897e-05
3.2753596	0.065287895	0.00068727774	1.2132554e-05
3.5096111	0.069957239	0.00068957223	1.0357562e-05
3.7606160	0.074960533	0.00069470880	1.1415126e-05
4.0295726	0.080321658	0.00068315691	9.9568858e-06
4.3177649	0.086066207	0.00069398630	1.0200345e-05
4.6265684	0.092221602	0.00069985606	9.6588942e-06
4.9574574	0.098817227	0.00073946063	9.8457641e-06
5.3120113	0.10588457	0.00074609101	9.1950877e-06
5.6919226	0.11345736	0.00074362381	9.0353861e-06
6.0990050	0.12157175	0.00077242896	8.7930886e-06
6.5352016	0.13026648	0.00078733918	8.8004726e-06
7.0025947	0.13958304	0.00080798403	8.4844563e-06
7.5034154	0.14956593	0.00083564984	8.2590825e-06
8.0400544	0.16026278	0.00086065579	8.5242518e-06
8.6150735	0.17172466	0.00086066861	8.5019668e-06
9.2312176	0.18400629	0.00094174091	2.4401414e-05
9.8914279	0.19716629	0.00091050586	2.7196148e-05
10.598856	0.21126749	0.00098196416	2.4526309e-05
11.356879	0.22637719	0.00098312950	2.0248821e-05
12.169115	0.24256753	0.00099403160	2.0853306e-05
13.039441	0.25991579	0.0010427605	2.2382841e-05
13.972013	0.27850479	0.0011070117	2.2359063e-05
14.971282	0.29842326	0.0011706326	2.4109528e-05
16.042018	0.31976628	0.0012101256	2.1791299e-05
17.189332	0.34263574	0.0012540348	2.3167916e-05
18.418701	0.36714081	0.0012762353	2.2412914e-05
19.735993	0.39339847	0.0013398599	2.3169561e-05
21.147498	0.42153405	0.0013155648	1.9995907e-05
22.659952	0.45168188	0.0014454543	2.2244705e-05
24.280576	0.48398585	0.0015104899	2.1883412e-05
26.017106	0.51860018	0.0015679740	2.3801176e-05
27.877832	0.55569011	0.0016054370	2.2023006e-05
29.871635	0.59543268	0.0016952393	2.1563781e-05
32.008033	0.63801761	0.0017767782	2.1658736e-05
34.297226	0.68364818	0.0018556355	2.1461693e-05
36.750139	0.73254223	0.0019287076	2.2502628e-05
39.378484	0.78493314	0.0020219850	2.2620111e-05
42.194806	0.84107101	0.0021522367	2.2510528e-05
45.212549	0.90122382	0.0022862080	2.3495499e-05
48.446119	0.96567873	0.0023561538	2.3924989e-05
51.910951	1.0347434	0.0025542197	2.2967028e-05
55.623587	1.1087475	0.0026012521	2.2954091e-05
59.601747	1.1880444	0.0027458729	2.4158332e-05
63.864422	1.2730125	0.0030090984	2.6055697e-05
68.431962	1.3640575	0.0031263475	2.5694108e-05
73.326168	1.4616139	0.0033470195	2.6001921e-05
78.570405	1.5661475	0.0035968825	2.6999483e-05
84.189705	1.6781573	0.0037749572	2.8026093e-05
