# Pt	errPt	res	errRes
0.38482120	0.0076706588	0.00086870641	4.3707369e-05
0.41234334	0.0082192590	0.00080817444	2.6813157e-05
0.44183385	0.0088070947	0.00075783460	2.3653830e-05
0.47343350	0.0094369719	0.00070576012	2.0631161e-05
0.50729314	0.010111898	0.00061792470	1.7695885e-05
0.54357439	0.010835094	0.00063831048	2.0464224e-05
0.58245046	0.011610012	0.00065773555	2.0282692e-05
0.62410691	0.012440352	0.00084513210	3.7516866e-05
0.76781924	0.015304976	0.0067621469	0.0052802681
0.82273314	0.016399578	0.00064055840	2.6463749e-05
0.88157444	0.017572464	0.00070222146	1.7399552e-05
0.94462403	0.018829234	0.00066807555	1.6207242e-05
1.0121829	0.020175888	0.00065676973	1.5629931e-05
1.0845735	0.021618854	0.00063458272	1.8603231e-05
1.1621414	0.023165019	0.00066064580	1.8705359e-05
1.2452570	0.024821765	0.00063802177	1.9835317e-05
1.3343169	0.026597001	0.00066381102	2.0602098e-05
1.4297463	0.028499200	0.00064520897	1.9048869e-05
1.5320008	0.030537443	0.00063937449	1.7095133e-05
1.6415684	0.032721459	0.00062660247	1.6603019e-05
1.7589723	0.035061675	0.00064146963	1.6310456e-05
1.8847727	0.037569262	0.00067950441	1.7211966e-05
2.0195704	0.040256190	0.00063796309	1.6323237e-05
2.1640086	0.043135284	0.00064443077	1.4041790e-05
2.3187770	0.046220290	0.00064609337	1.4258843e-05
2.4846144	0.049525933	0.00065813862	1.3784152e-05
2.6623122	0.053067993	0.00064592622	1.2801704e-05
2.8527190	0.056863379	0.00068084905	1.3859847e-05
3.0567434	0.060930208	0.00068960780	1.3163716e-05
3.2753596	0.065287895	0.00065042815	1.1497538e-05
3.5096111	0.069957239	0.00065957060	1.0823251e-05
3.7606160	0.074960533	0.00069731616	1.2026362e-05
4.0295726	0.080321658	0.00069593380	1.1725835e-05
4.3177649	0.086066207	0.00071481684	1.0747121e-05
4.6265684	0.092221602	0.00074216261	1.0958894e-05
4.9574574	0.098817227	0.00074622575	1.0757097e-05
5.3120113	0.10588457	0.00076016421	9.5948220e-06
5.6919226	0.11345736	0.00077145763	9.5854653e-06
6.0990050	0.12157175	0.00079253374	9.7702525e-06
6.5352016	0.13026648	0.00080537067	9.6746193e-06
7.0025947	0.13958304	0.00083779521	9.4281688e-06
7.5034154	0.14956593	0.00086636046	9.2671052e-06
8.0400544	0.16026278	0.00088137802	8.9053651e-06
8.6150735	0.17172466	0.00089722855	8.9403428e-06
9.2312176	0.18400629	0.00094523092	9.3110480e-06
9.8914279	0.19716629	0.00091527633	1.3031400e-05
10.598856	0.21126749	0.00098725120	2.5700214e-05
11.356879	0.22637719	0.00098054276	2.8557241e-05
12.169115	0.24256753	0.0010022930	2.4826368e-05
13.039441	0.25991579	0.0010695651	2.6196671e-05
13.972013	0.27850479	0.0011183512	2.6140306e-05
14.971282	0.29842326	0.0010779113	2.4814713e-05
16.042018	0.31976628	0.0011433907	2.4995803e-05
17.189332	0.34263574	0.0012867537	2.7318337e-05
18.418701	0.36714081	0.0012573546	2.6392346e-05
19.735993	0.39339847	0.0013069533	2.6741544e-05
21.147498	0.42153405	0.0014234559	2.6105230e-05
22.659952	0.45168188	0.0013826640	2.3442988e-05
24.280576	0.48398585	0.0015166554	2.5294891e-05
26.017106	0.51860018	0.0015422757	2.4834798e-05
27.877832	0.55569011	0.0016223188	2.3316169e-05
29.871635	0.59543268	0.0016801146	2.4425794e-05
32.008033	0.63801761	0.0017272209	2.2850668e-05
34.297226	0.68364818	0.0018120161	2.4158920e-05
36.750139	0.73254223	0.0019392498	2.4315197e-05
39.378484	0.78493314	0.0020262110	2.3745302e-05
42.194806	0.84107101	0.0021432936	2.5348176e-05
45.212549	0.90122382	0.0022362473	2.3144710e-05
48.446119	0.96567873	0.0023981220	2.4852101e-05
51.910951	1.0347434	0.0025239507	2.4746093e-05
55.623587	1.1087475	0.0026269544	2.5442536e-05
59.601747	1.1880444	0.0028466504	2.7549001e-05
63.864422	1.2730125	0.0029455486	2.6178584e-05
68.431962	1.3640575	0.0031694972	2.7346166e-05
73.326168	1.4616139	0.0033643696	2.7857001e-05
78.570405	1.5661475	0.0035842302	2.9479579e-05
84.189705	1.6781573	0.0037512921	2.8518519e-05
90.210895	1.7981779	0.0040542885	3.0377266e-05
