# Pt	errPt	res	errRes
0.38482120	0.0076706588	0.0013760883	0.00019595452
0.41234334	0.0082192590	0.00082957590	4.1328245e-05
0.44183385	0.0088070947	0.00070826194	2.3081868e-05
0.47343350	0.0094369719	0.00073562465	2.4742306e-05
0.50729314	0.010111898	0.00068416160	2.0721829e-05
0.54357439	0.010835094	0.00074233283	2.4642192e-05
0.58245046	0.011610012	0.00066943882	2.2096139e-05
0.62410691	0.012440352	0.00077725574	3.0771221e-05
0.71657061	0.014283435	0.0012746305	0.0030050619
0.76781924	0.015304976	0.00088303535	0.00013343089
0.82273314	0.016399578	0.00059154269	2.5400213e-05
0.88157444	0.017572464	0.00061514077	1.8795743e-05
0.94462403	0.018829234	0.00062289536	1.5836315e-05
1.0121829	0.020175888	0.00059832429	1.4393555e-05
1.0845735	0.021618854	0.00062652458	1.6456415e-05
1.1621414	0.023165019	0.00061806507	2.0392183e-05
1.2452570	0.024821765	0.00060738965	1.8977259e-05
1.3343169	0.026597001	0.00058318432	1.9145995e-05
1.4297463	0.028499200	0.00059488197	1.8841810e-05
1.5320008	0.030537443	0.00064983898	1.9136856e-05
1.6415684	0.032721459	0.00066694514	2.1415544e-05
1.7589723	0.035061675	0.00060868030	1.7475603e-05
1.8847727	0.037569262	0.00060002596	1.5343677e-05
2.0195704	0.040256190	0.00062929945	1.4845665e-05
2.1640086	0.043135284	0.00060827889	1.6166140e-05
2.3187770	0.046220290	0.00061513911	1.5001470e-05
2.4846144	0.049525933	0.00064432874	1.2912285e-05
2.6623122	0.053067993	0.00064929824	1.3216526e-05
2.8527190	0.056863379	0.00065556692	1.3909236e-05
3.0567434	0.060930208	0.00065306480	1.2609554e-05
3.2753596	0.065287895	0.00067698898	1.1669767e-05
3.5096111	0.069957239	0.00071200394	1.2821905e-05
3.7606160	0.074960533	0.00068978987	1.1754843e-05
4.0295726	0.080321658	0.00070816308	1.0515395e-05
4.3177649	0.086066207	0.00068960958	1.0736814e-05
4.6265684	0.092221602	0.00073524707	1.0532834e-05
4.9574574	0.098817227	0.00075183170	1.1178138e-05
5.3120113	0.10588457	0.00072711825	9.0621957e-06
5.6919226	0.11345736	0.00077136317	1.0415478e-05
6.0990050	0.12157175	0.00077624988	9.5741410e-06
6.5352016	0.13026648	0.00080494927	1.0080393e-05
7.0025947	0.13958304	0.00084744871	9.4539685e-06
7.5034154	0.14956593	0.00084052407	9.3365598e-06
8.0400544	0.16026278	0.00086824024	9.2360504e-06
8.6150735	0.17172466	0.00088868042	8.5931509e-06
9.2312176	0.18400629	0.00094310434	9.1567601e-06
9.8914279	0.19716629	0.00096155139	9.7002215e-06
10.598856	0.21126749	0.00096151376	2.5871685e-05
11.356879	0.22637719	0.00093527883	2.9052478e-05
12.169115	0.24256753	0.00093235682	2.7841989e-05
13.039441	0.25991579	0.0010300501	3.3750141e-05
13.972013	0.27850479	0.0010751691	3.0185635e-05
14.971282	0.29842326	0.0011206437	2.9830096e-05
16.042018	0.31976628	0.0011446585	2.6869854e-05
17.189332	0.34263574	0.0012000170	3.1520645e-05
18.418701	0.36714081	0.0012755679	2.9360005e-05
19.735993	0.39339847	0.0013195993	3.1018443e-05
21.147498	0.42153405	0.0013553673	2.9582601e-05
22.659952	0.45168188	0.0014307319	2.8731287e-05
24.280576	0.48398585	0.0015030604	2.8336363e-05
26.017106	0.51860018	0.0015672376	2.8736080e-05
27.877832	0.55569011	0.0015732277	2.7575767e-05
29.871635	0.59543268	0.0016658869	2.6820451e-05
32.008033	0.63801761	0.0017448067	2.7066635e-05
34.297226	0.68364818	0.0018512641	2.7404959e-05
36.750139	0.73254223	0.0019633637	2.8553141e-05
39.378484	0.78493314	0.0020532902	2.8510111e-05
42.194806	0.84107101	0.0021731794	2.6955318e-05
45.212549	0.90122382	0.0022785360	2.5875823e-05
48.446119	0.96567873	0.0024575727	2.7211184e-05
51.910951	1.0347434	0.0025482638	2.5552448e-05
55.623587	1.1087475	0.0026879890	2.7231751e-05
59.601747	1.1880444	0.0028736193	2.7549348e-05
63.864422	1.2730125	0.0030662538	2.8114163e-05
68.431962	1.3640575	0.0031712956	2.7733780e-05
73.326168	1.4616139	0.0033576286	2.9127213e-05
78.570405	1.5661475	0.0036697710	2.9703461e-05
84.189705	1.6781573	0.0038429791	2.9876642e-05
90.210895	1.7981779	0.0040526450	3.0450155e-05
