# Pt	errPt	res	errRes
0.38482120	0.0076706588	0.0053571194	0.00051958158
0.41234334	0.0082192590	0.0042804580	0.00012870708
0.44183385	0.0088070947	0.0039264466	0.00012235491
0.47343350	0.0094369719	0.0037578300	9.4480835e-05
0.50729314	0.010111898	0.0037920730	9.2991923e-05
0.54357439	0.010835094	0.0031933495	7.1021613e-05
0.58245046	0.011610012	0.0029567951	6.5821359e-05
0.62410691	0.012440352	0.0029278675	6.1431277e-05
0.66874260	0.013330077	0.0026594867	5.4872326e-05
0.71657061	0.014283435	0.0023676577	4.5552773e-05
0.76781924	0.015304976	0.0024169464	4.5162442e-05
0.82273314	0.016399578	0.0021845815	3.9726886e-05
0.88157444	0.017572464	0.0020443894	3.6505633e-05
0.94462403	0.018829234	0.0019401947	3.2916638e-05
1.0121829	0.020175888	0.0017799274	2.9835322e-05
1.0845735	0.021618854	0.0016305545	2.6455048e-05
1.1621414	0.023165019	0.0015733540	2.4842220e-05
1.2452570	0.024821765	0.0014668591	2.1463808e-05
1.3343169	0.026597001	0.0013558812	1.9475810e-05
1.4297463	0.028499200	0.0012858178	1.8115256e-05
1.5320008	0.030537443	0.0011759161	1.6186806e-05
1.6415684	0.032721459	0.0010868351	1.4148419e-05
1.7589723	0.035061675	0.0010566676	1.2734520e-05
1.8847727	0.037569262	0.00097189833	1.2098234e-05
2.0195704	0.040256190	0.00090911304	1.0547682e-05
2.1640086	0.043135284	0.00084624347	1.4905457e-05
2.3187770	0.046220290	0.00076036797	1.3432759e-05
2.4846144	0.049525933	0.00074964775	1.3512625e-05
2.6623122	0.053067993	0.00069495671	1.2628585e-05
2.8527190	0.056863379	0.00060584733	1.0257186e-05
3.0567434	0.060930208	0.00060912696	1.0178411e-05
3.2753596	0.065287895	0.00055278730	9.1465620e-06
3.5096111	0.069957239	0.00051254660	7.5615870e-06
3.7606160	0.074960533	0.00049093019	7.2206090e-06
4.0295726	0.080321658	0.00044525558	6.2656096e-06
4.3177649	0.086066207	0.00041866114	5.4875609e-06
4.6265684	0.092221602	0.00039788523	5.0544930e-06
4.9574574	0.098817227	0.00036050775	4.3512625e-06
5.3120113	0.10588457	0.00034218619	4.4439217e-06
5.6919226	0.11345736	0.00032522812	4.0330545e-06
6.0990050	0.12157175	0.00029805447	3.1996184e-06
6.5352016	0.13026648	0.00029034994	3.4522002e-06
7.0025947	0.13958304	0.00026341649	2.8528417e-06
7.5034154	0.14956593	0.00024948163	2.5228651e-06
8.0400544	0.16026278	0.00022986668	2.2749140e-06
8.6150735	0.17172466	0.00021832319	2.0952565e-06
9.2312176	0.18400629	0.00020406462	1.9797760e-06
9.8914279	0.19716629	0.00019266461	1.9259184e-06
10.598856	0.21126749	0.00017459237	4.7191476e-06
11.356879	0.22637719	0.00015316144	3.7922849e-06
12.169115	0.24256753	0.00014392966	3.5973326e-06
13.039441	0.25991579	0.00014067528	3.3068750e-06
13.972013	0.27850479	0.00013370938	3.1679105e-06
14.971282	0.29842326	0.00012228437	2.5665800e-06
16.042018	0.31976628	0.00011452765	2.2765702e-06
17.189332	0.34263574	0.00011017135	2.1368342e-06
18.418701	0.36714081	0.00010417871	1.9285194e-06
19.735993	0.39339847	0.00010019942	1.7432006e-06
21.147498	0.42153405	9.1221222e-05	1.5773533e-06
22.659952	0.45168188	8.6333065e-05	1.4732837e-06
24.280576	0.48398585	8.1710505e-05	1.2885362e-06
26.017106	0.51860018	7.8062247e-05	1.1672918e-06
27.877832	0.55569011	7.4111041e-05	1.1190502e-06
29.871635	0.59543268	6.8427854e-05	9.6908267e-07
32.008033	0.63801761	6.5530053e-05	9.4862891e-07
34.297226	0.68364818	6.1338802e-05	8.5934888e-07
36.750139	0.73254223	5.7405462e-05	7.4654948e-07
39.378484	0.78493314	5.4711140e-05	6.7194242e-07
42.194806	0.84107101	5.2404947e-05	6.3823915e-07
45.212549	0.90122382	4.9535770e-05	5.8895702e-07
48.446119	0.96567873	4.6496052e-05	4.9499487e-07
51.910951	1.0347434	4.4484052e-05	4.7167508e-07
55.623587	1.1087475	4.1944206e-05	4.3625121e-07
59.601747	1.1880444	3.9639651e-05	3.9605125e-07
63.864422	1.2730125	3.7543058e-05	3.6306236e-07
68.431962	1.3640575	3.5125770e-05	3.2593125e-07
73.326168	1.4616139	3.4386766e-05	3.0936500e-07
78.570405	1.5661475	3.2340270e-05	2.9068766e-07
84.189705	1.6781573	3.0616210e-05	2.5833502e-07
90.210895	1.7981779	2.8956755e-05	2.3763320e-07
