# Pt	errPt	res	errRes
0.38482120	0.0076706588	0.0034872769	0.00035889229
0.41234334	0.0082192590	0.0023215736	7.9408778e-05
0.44183385	0.0088070947	0.0024466862	0.00012564563
0.47343350	0.0094369719	0.0019994207	7.2367576e-05
0.50729314	0.010111898	0.0021779827	5.8198075e-05
0.54357439	0.010835094	0.0019277890	4.6039788e-05
0.58245046	0.011610012	0.0018605962	4.0675638e-05
0.62410691	0.012440352	0.0016927160	3.6833570e-05
0.66874260	0.013330077	0.0015250771	3.1239616e-05
0.71657061	0.014283435	0.0014879491	2.8682308e-05
0.76781924	0.015304976	0.0013338584	2.3524854e-05
0.82273314	0.016399578	0.0012726095	2.2307701e-05
0.88157444	0.017572464	0.0011875346	2.0698995e-05
0.94462403	0.018829234	0.0011214015	1.8525371e-05
1.0121829	0.020175888	0.0010737082	1.8761465e-05
1.0845735	0.021618854	0.00098608015	1.5943600e-05
1.1621414	0.023165019	0.00094753258	3.1574453e-05
1.2452570	0.024821765	0.00085016857	2.6505347e-05
1.3343169	0.026597001	0.00082636537	2.0901828e-05
1.4297463	0.028499200	0.00076323078	1.9597298e-05
1.5320008	0.030537443	0.00073276881	1.6886306e-05
1.6415684	0.032721459	0.00066464666	1.5533593e-05
1.7589723	0.035061675	0.00060961545	1.3263228e-05
1.8847727	0.037569262	0.00062036379	1.2996608e-05
2.0195704	0.040256190	0.00055777800	1.1699168e-05
2.1640086	0.043135284	0.00054506822	1.0486782e-05
2.3187770	0.046220290	0.00049986408	1.0273307e-05
2.4846144	0.049525933	0.00048060807	8.1779337e-06
2.6623122	0.053067993	0.00044750064	8.5187373e-06
2.8527190	0.056863379	0.00041432933	6.8125516e-06
3.0567434	0.060930208	0.00040318062	6.5576176e-06
3.2753596	0.065287895	0.00037667037	5.9060573e-06
3.5096111	0.069957239	0.00035997022	5.4265886e-06
3.7606160	0.074960533	0.00033639314	4.8624881e-06
4.0295726	0.080321658	0.00030950002	4.5819323e-06
4.3177649	0.086066207	0.00030728698	4.2448239e-06
4.6265684	0.092221602	0.00028544567	3.6574778e-06
4.9574574	0.098817227	0.00026872061	3.4708751e-06
5.3120113	0.10588457	0.00026055992	3.2040623e-06
5.6919226	0.11345736	0.00024252091	2.8219609e-06
6.0990050	0.12157175	0.00023542442	2.5837041e-06
6.5352016	0.13026648	0.00021807371	2.4028922e-06
7.0025947	0.13958304	0.00021081198	2.3081488e-06
7.5034154	0.14956593	0.00019398931	2.0467136e-06
8.0400544	0.16026278	0.00018283394	1.7775871e-06
8.6150735	0.17172466	0.00017512470	1.6320659e-06
9.2312176	0.18400629	0.00016385375	1.5461249e-06
9.8914279	0.19716629	0.00015929639	1.4649166e-06
10.598856	0.21126749	0.00013942413	3.8931757e-06
11.356879	0.22637719	0.00013280160	3.1677920e-06
12.169115	0.24256753	0.00013043316	3.4076554e-06
13.039441	0.25991579	0.00012105100	2.7863690e-06
13.972013	0.27850479	0.00011161890	2.3265370e-06
14.971282	0.29842326	0.00010875410	2.3457475e-06
16.042018	0.31976628	9.8537090e-05	1.9967637e-06
17.189332	0.34263574	0.00010168289	1.9902582e-06
18.418701	0.36714081	8.8786538e-05	1.6732058e-06
19.735993	0.39339847	8.6674341e-05	1.6436496e-06
21.147498	0.42153405	8.0408042e-05	1.3662293e-06
22.659952	0.45168188	7.4079730e-05	1.1241569e-06
24.280576	0.48398585	7.5232870e-05	1.2198752e-06
26.017106	0.51860018	6.5798238e-05	1.0591537e-06
27.877832	0.55569011	6.0722663e-05	9.6860604e-07
29.871635	0.59543268	5.9486543e-05	8.8720565e-07
32.008033	0.63801761	5.4706223e-05	7.2220173e-07
34.297226	0.68364818	5.1576397e-05	7.0528682e-07
36.750139	0.73254223	4.8837426e-05	7.0357207e-07
39.378484	0.78493314	4.5775566e-05	5.7895745e-07
42.194806	0.84107101	4.2313409e-05	5.0035807e-07
45.212549	0.90122382	4.0368007e-05	4.7098712e-07
48.446119	0.96567873	3.7644341e-05	4.4307757e-07
51.910951	1.0347434	3.5677751e-05	4.0118137e-07
55.623587	1.1087475	3.3697885e-05	3.5469833e-07
59.601747	1.1880444	3.1430699e-05	3.2776282e-07
63.864422	1.2730125	2.9662100e-05	3.0189835e-07
68.431962	1.3640575	2.7996567e-05	2.8290728e-07
73.326168	1.4616139	2.6139884e-05	2.6132313e-07
78.570405	1.5661475	2.5135220e-05	2.4488973e-07
84.189705	1.6781573	2.2865991e-05	2.0761075e-07
90.210895	1.7981779	2.2259810e-05	1.8708291e-07
