# Pt	errPt	res	errRes
0.38482120	0.0076706588	0.024648412	0.013562268
0.41234334	0.0082192590	0.0023614530	0.00015601163
0.44183385	0.0088070947	0.0018775999	9.0708881e-05
0.47343350	0.0094369719	0.0016677058	8.2481764e-05
0.50729314	0.010111898	0.0016316832	7.7292393e-05
0.54357439	0.010835094	0.0015358475	6.7726768e-05
0.58245046	0.011610012	0.0014702995	6.8404538e-05
0.62410691	0.012440352	0.0015098123	6.3692796e-05
0.66874260	0.013330077	0.0012299757	5.7612719e-05
0.71657061	0.014283435	0.0019705130	0.00050294792
0.76781924	0.015304976	0.010390877	0.010757820
0.82273314	0.016399578	0.0012471482	0.00012795346
0.88157444	0.017572464	0.0010169431	5.7610990e-05
0.94462403	0.018829234	0.00097716690	3.7933896e-05
1.0121829	0.020175888	0.00098355935	3.2163379e-05
1.0845735	0.021618854	0.00088369760	2.8151073e-05
1.1621414	0.023165019	0.00086142520	2.1658656e-05
1.2452570	0.024821765	0.00075234224	2.1221639e-05
1.3343169	0.026597001	0.00077682283	2.0718672e-05
1.4297463	0.028499200	0.00067121584	1.6363473e-05
1.5320008	0.030537443	0.00069375114	1.4515104e-05
1.6415684	0.032721459	0.00066791595	1.6172759e-05
1.7589723	0.035061675	0.00061240742	1.4164061e-05
1.8847727	0.037569262	0.00056975087	1.1616057e-05
2.0195704	0.040256190	0.00056554898	1.1570373e-05
2.1640086	0.043135284	0.00052160714	1.0682097e-05
2.3187770	0.046220290	0.00049061865	9.4317274e-06
2.4846144	0.049525933	0.00046055560	8.3023552e-06
2.6623122	0.053067993	0.00043238522	7.5971306e-06
2.8527190	0.056863379	0.00040372965	6.7532465e-06
3.0567434	0.060930208	0.00036944490	6.3020124e-06
3.2753596	0.065287895	0.00035378839	5.3738578e-06
3.5096111	0.069957239	0.00034361223	5.2452830e-06
3.7606160	0.074960533	0.00032063680	4.5832403e-06
4.0295726	0.080321658	0.00029676042	4.4614177e-06
4.3177649	0.086066207	0.00028610055	3.8164119e-06
4.6265684	0.092221602	0.00026182679	3.3841162e-06
4.9574574	0.098817227	0.00025345892	3.3220027e-06
5.3120113	0.10588457	0.00023511127	3.1003158e-06
5.6919226	0.11345736	0.00022058791	2.6249986e-06
6.0990050	0.12157175	0.00020645581	2.3424140e-06
6.5352016	0.13026648	0.00019457782	2.2424820e-06
7.0025947	0.13958304	0.00018170394	1.9403647e-06
7.5034154	0.14956593	0.00016955039	1.8607152e-06
8.0400544	0.16026278	0.00015810556	1.5808265e-06
8.6150735	0.17172466	0.00015196258	1.4441523e-06
9.2312176	0.18400629	0.00014118647	1.2675972e-06
9.8914279	0.19716629	0.00013443529	1.2868608e-06
10.598856	0.21126749	0.00011641993	3.5556451e-06
11.356879	0.22637719	0.00011628754	2.8924305e-06
12.169115	0.24256753	0.00010563515	2.6638493e-06
13.039441	0.25991579	0.00010705876	2.6708437e-06
13.972013	0.27850479	9.1594001e-05	2.0075751e-06
14.971282	0.29842326	9.1003591e-05	1.8893624e-06
16.042018	0.31976628	8.3130472e-05	1.9121676e-06
17.189332	0.34263574	8.1149780e-05	1.5168266e-06
18.418701	0.36714081	7.6542947e-05	1.4520595e-06
19.735993	0.39339847	7.0941073e-05	1.2563724e-06
21.147498	0.42153405	6.8078065e-05	1.1493576e-06
22.659952	0.45168188	6.5419720e-05	1.1123801e-06
24.280576	0.48398585	5.8511640e-05	8.7095274e-07
26.017106	0.51860018	5.6795966e-05	8.7775182e-07
27.877832	0.55569011	5.5165514e-05	8.4969946e-07
29.871635	0.59543268	5.2465458e-05	7.4877958e-07
32.008033	0.63801761	4.9638320e-05	7.7588025e-07
34.297226	0.68364818	4.6862692e-05	6.2037925e-07
36.750139	0.73254223	4.4128901e-05	5.8206731e-07
39.378484	0.78493314	4.0150102e-05	4.9170864e-07
42.194806	0.84107101	3.8882751e-05	4.7021197e-07
45.212549	0.90122382	3.6487110e-05	4.2277398e-07
48.446119	0.96567873	3.4191464e-05	3.7362762e-07
51.910951	1.0347434	3.2773438e-05	3.7429704e-07
55.623587	1.1087475	3.0583450e-05	3.3088607e-07
59.601747	1.1880444	2.9440923e-05	3.0638737e-07
63.864422	1.2730125	2.7488442e-05	2.7487532e-07
68.431962	1.3640575	2.6072945e-05	2.5486169e-07
73.326168	1.4616139	2.4238046e-05	2.3038448e-07
78.570405	1.5661475	2.2897799e-05	2.1286489e-07
84.189705	1.6781573	2.1369408e-05	1.8522336e-07
90.210895	1.7981779	2.0459762e-05	1.7196733e-07
