# Pt	errPt	res	errRes
0.38482120	0.0076706588	0.0035724877	0.00063101629
0.41234334	0.0082192590	0.0033702118	0.00017717889
0.44183385	0.0088070947	0.0026739178	0.00011979945
0.47343350	0.0094369719	0.0027145533	7.2530912e-05
0.50729314	0.010111898	0.0024060520	5.2541295e-05
0.54357439	0.010835094	0.0022877290	5.2982303e-05
0.58245046	0.011610012	0.0022053265	5.0810931e-05
0.62410691	0.012440352	0.0019578855	3.8177382e-05
0.66874260	0.013330077	0.0018754025	3.3741252e-05
0.71657061	0.014283435	0.0017542856	3.1800932e-05
0.76781924	0.015304976	0.0016631600	2.8099585e-05
0.82273314	0.016399578	0.0015148197	2.6411023e-05
0.88157444	0.017572464	0.0014595026	2.2431388e-05
0.94462403	0.018829234	0.0013010949	2.2364546e-05
1.0121829	0.020175888	0.0012712755	2.0513623e-05
1.0845735	0.021618854	0.0011503004	1.9996460e-05
1.1621414	0.023165019	0.0010884043	3.0038055e-05
1.2452570	0.024821765	0.00096234623	2.8907877e-05
1.3343169	0.026597001	0.00094601102	2.5116534e-05
1.4297463	0.028499200	0.00081249800	2.1746475e-05
1.5320008	0.030537443	0.00085470873	2.1750948e-05
1.6415684	0.032721459	0.00077756675	1.7564353e-05
1.7589723	0.035061675	0.00070918218	1.7272803e-05
1.8847727	0.037569262	0.00066279513	1.4673881e-05
2.0195704	0.040256190	0.00064092691	1.3217455e-05
2.1640086	0.043135284	0.00059980119	1.2193129e-05
2.3187770	0.046220290	0.00055977685	1.0485937e-05
2.4846144	0.049525933	0.00053318035	9.9352907e-06
2.6623122	0.053067993	0.00050999083	8.7863419e-06
2.8527190	0.056863379	0.00045342161	7.4751653e-06
3.0567434	0.060930208	0.00043397353	7.0216758e-06
3.2753596	0.065287895	0.00039971880	6.5743154e-06
3.5096111	0.069957239	0.00038441016	6.0108240e-06
3.7606160	0.074960533	0.00036037460	5.2773058e-06
4.0295726	0.080321658	0.00033066811	4.7697280e-06
4.3177649	0.086066207	0.00031241516	3.9887091e-06
4.6265684	0.092221602	0.00029775396	3.9892642e-06
4.9574574	0.098817227	0.00028638036	3.4525475e-06
5.3120113	0.10588457	0.00027218466	3.3326416e-06
5.6919226	0.11345736	0.00024434260	2.7284742e-06
6.0990050	0.12157175	0.00023526835	2.6329926e-06
6.5352016	0.13026648	0.00022471457	2.4219369e-06
7.0025947	0.13958304	0.00021119192	2.2658047e-06
7.5034154	0.14956593	0.00020382096	2.1611968e-06
8.0400544	0.16026278	0.00019112092	1.9765071e-06
8.6150735	0.17172466	0.00017847566	1.7173352e-06
9.2312176	0.18400629	0.00016820278	1.6108745e-06
9.8914279	0.19716629	0.00015888956	1.4919384e-06
10.598856	0.21126749	0.00015347012	4.0634763e-06
11.356879	0.22637719	0.00014276592	3.7760695e-06
12.169115	0.24256753	0.00012421286	2.9436916e-06
13.039441	0.25991579	0.00012501231	2.9489814e-06
13.972013	0.27850479	0.00012011702	2.8074337e-06
14.971282	0.29842326	0.00011161830	2.3779823e-06
16.042018	0.31976628	0.00010888532	2.2713957e-06
17.189332	0.34263574	0.00010327470	2.0512582e-06
18.418701	0.36714081	9.6134669e-05	1.7156863e-06
19.735993	0.39339847	9.2804646e-05	1.7473632e-06
21.147498	0.42153405	8.6761216e-05	1.5192161e-06
22.659952	0.45168188	8.5258575e-05	1.3444886e-06
24.280576	0.48398585	7.6177937e-05	1.1378202e-06
26.017106	0.51860018	7.2182385e-05	1.0996149e-06
27.877832	0.55569011	6.9533987e-05	1.0716735e-06
29.871635	0.59543268	6.7044628e-05	1.0005888e-06
32.008033	0.63801761	6.1031852e-05	8.3464862e-07
34.297226	0.68364818	5.6676924e-05	6.9733139e-07
36.750139	0.73254223	5.7141821e-05	7.5377447e-07
39.378484	0.78493314	5.3786165e-05	7.3443762e-07
42.194806	0.84107101	4.9336684e-05	6.0659802e-07
45.212549	0.90122382	4.6822453e-05	5.8270120e-07
48.446119	0.96567873	4.3704763e-05	5.0557408e-07
51.910951	1.0347434	4.1260469e-05	4.5455722e-07
55.623587	1.1087475	3.9329748e-05	4.3829030e-07
59.601747	1.1880444	3.7088773e-05	3.7281842e-07
63.864422	1.2730125	3.5018907e-05	3.3387364e-07
68.431962	1.3640575	3.2177123e-05	3.1191323e-07
73.326168	1.4616139	3.0299200e-05	2.8602651e-07
78.570405	1.5661475	2.8960698e-05	2.6189903e-07
84.189705	1.6781573	2.6580300e-05	2.3888135e-07
90.210895	1.7981779	2.5343197e-05	2.1974590e-07
