# Pt	errPt	res	errRes
0.38482120	0.0076706588	0.0057272034	0.0023809202
0.41234334	0.0082192590	0.0020366678	0.00012778803
0.44183385	0.0088070947	0.0019597461	0.00011752296
0.47343350	0.0094369719	0.0016372138	7.8537255e-05
0.50729314	0.010111898	0.0017189287	9.5438348e-05
0.54357439	0.010835094	0.0020308549	0.00038358012
0.58245046	0.011610012	0.0018825810	0.00017260393
0.62410691	0.012440352	0.0013877172	6.9416837e-05
0.66874260	0.013330077	0.0013333232	5.6185412e-05
0.71657061	0.014283435	0.0011990771	4.5598882e-05
0.76781924	0.015304976	0.0011504324	4.5622610e-05
0.82273314	0.016399578	0.0012353069	4.6652929e-05
0.88157444	0.017572464	0.0010571965	3.3719358e-05
0.94462403	0.018829234	0.0010782117	3.3135442e-05
1.0121829	0.020175888	0.00097306136	2.9205843e-05
1.0845735	0.021618854	0.00090322728	2.8685912e-05
1.1621414	0.023165019	0.00083090668	2.5113576e-05
1.2452570	0.024821765	0.00079805791	2.2475141e-05
1.3343169	0.026597001	0.00074339539	1.9827316e-05
1.4297463	0.028499200	0.00071081501	1.8087276e-05
1.5320008	0.030537443	0.00066958888	1.5549291e-05
1.6415684	0.032721459	0.00062299585	1.4506764e-05
1.7589723	0.035061675	0.00057515982	1.2387021e-05
1.8847727	0.037569262	0.00058274419	1.1521128e-05
2.0195704	0.040256190	0.00053702970	1.1547954e-05
2.1640086	0.043135284	0.00051744527	9.8237126e-06
2.3187770	0.046220290	0.00049555079	9.2044820e-06
2.4846144	0.049525933	0.00046828924	7.7074724e-06
2.6623122	0.053067993	0.00044053650	8.3545112e-06
2.8527190	0.056863379	0.00042357710	7.1708948e-06
3.0567434	0.060930208	0.00039810713	6.0613775e-06
3.2753596	0.065287895	0.00037593256	5.7606263e-06
3.5096111	0.069957239	0.00036253994	5.8657968e-06
3.7606160	0.074960533	0.00032324945	4.5906135e-06
4.0295726	0.080321658	0.00031883275	4.3187066e-06
4.3177649	0.086066207	0.00030600099	4.0778120e-06
4.6265684	0.092221602	0.00028569027	3.5547556e-06
4.9574574	0.098817227	0.00027115237	3.3243812e-06
5.3120113	0.10588457	0.00024919217	3.2670872e-06
5.6919226	0.11345736	0.00023805159	2.6901922e-06
6.0990050	0.12157175	0.00022326963	2.5186700e-06
6.5352016	0.13026648	0.00020743666	2.2890115e-06
7.0025947	0.13958304	0.00019384092	2.0190271e-06
7.5034154	0.14956593	0.00018226611	1.9321034e-06
8.0400544	0.16026278	0.00017480453	1.6910473e-06
8.6150735	0.17172466	0.00016530031	1.5888284e-06
9.2312176	0.18400629	0.00014984506	1.4521839e-06
9.8914279	0.19716629	0.00014186865	1.3712570e-06
10.598856	0.21126749	0.00012949739	3.4634388e-06
11.356879	0.22637719	0.00012682646	3.2581555e-06
12.169115	0.24256753	0.00011657002	2.7800772e-06
13.039441	0.25991579	0.00010549624	2.3034554e-06
13.972013	0.27850479	0.00010236615	2.2628684e-06
14.971282	0.29842326	9.3051269e-05	1.9735318e-06
16.042018	0.31976628	8.8698914e-05	1.9308854e-06
17.189332	0.34263574	8.5855892e-05	1.6563850e-06
18.418701	0.36714081	7.8741176e-05	1.4340835e-06
19.735993	0.39339847	7.5766998e-05	1.3686313e-06
21.147498	0.42153405	6.7659308e-05	1.1191138e-06
22.659952	0.45168188	6.8006931e-05	1.1801299e-06
24.280576	0.48398585	6.2083845e-05	1.0628046e-06
26.017106	0.51860018	5.6848379e-05	8.2408848e-07
27.877832	0.55569011	5.6364736e-05	8.7245949e-07
29.871635	0.59543268	5.2235982e-05	7.4960516e-07
32.008033	0.63801761	5.0216862e-05	7.7051576e-07
34.297226	0.68364818	4.8155600e-05	6.5420522e-07
36.750139	0.73254223	4.3094143e-05	5.7276118e-07
39.378484	0.78493314	4.1680427e-05	4.9345889e-07
42.194806	0.84107101	4.0708609e-05	5.0324312e-07
45.212549	0.90122382	3.7987984e-05	4.6058072e-07
48.446119	0.96567873	3.6002174e-05	4.2327654e-07
51.910951	1.0347434	3.3598118e-05	3.5116661e-07
55.623587	1.1087475	3.2148958e-05	3.5123156e-07
59.601747	1.1880444	3.0119151e-05	3.0147221e-07
63.864422	1.2730125	2.8287475e-05	2.7862438e-07
68.431962	1.3640575	2.7044491e-05	2.6043321e-07
73.326168	1.4616139	2.5768266e-05	2.3663998e-07
78.570405	1.5661475	2.3873521e-05	2.1902380e-07
84.189705	1.6781573	2.2698431e-05	1.9635245e-07
90.210895	1.7981779	2.1472281e-05	1.8161750e-07
