# Pt	errPt	res	errRes
0.38482120	0.0076706588	0.0022227351	0.00019408101
0.41234334	0.0082192590	0.0022396283	5.8493784e-05
0.44183385	0.0088070947	0.0021210598	5.2591965e-05
0.47343350	0.0094369719	0.0020967962	7.1135333e-05
0.50729314	0.010111898	0.0018998793	9.9923469e-05
0.54357439	0.010835094	0.0017685796	5.5862841e-05
0.58245046	0.011610012	0.0016783815	4.1694529e-05
0.62410691	0.012440352	0.0015521716	3.0827514e-05
0.66874260	0.013330077	0.0013598301	2.4947652e-05
0.71657061	0.014283435	0.0013477801	2.5066329e-05
0.76781924	0.015304976	0.0012786944	2.2937835e-05
0.82273314	0.016399578	0.0011598347	1.8999324e-05
0.88157444	0.017572464	0.0011570496	1.9892791e-05
0.94462403	0.018829234	0.0010519131	1.6117793e-05
1.0121829	0.020175888	0.00099004116	1.4761819e-05
1.0845735	0.021618854	0.00093325607	1.6604099e-05
1.1621414	0.023165019	0.00084202166	2.3395897e-05
1.2452570	0.024821765	0.00082027911	2.1670144e-05
1.3343169	0.026597001	0.00077194027	2.1194813e-05
1.4297463	0.028499200	0.00067944781	1.7376701e-05
1.5320008	0.030537443	0.00069445932	1.7040529e-05
1.6415684	0.032721459	0.00063876888	1.4517297e-05
1.7589723	0.035061675	0.00061713323	1.4761511e-05
1.8847727	0.037569262	0.00058186577	1.2488251e-05
2.0195704	0.040256190	0.00053365845	1.0754034e-05
2.1640086	0.043135284	0.00052518639	1.0892538e-05
2.3187770	0.046220290	0.00050470558	1.0205982e-05
2.4846144	0.049525933	0.00045003907	7.6728427e-06
2.6623122	0.053067993	0.00045718890	8.0724320e-06
2.8527190	0.056863379	0.00041854936	7.1381462e-06
3.0567434	0.060930208	0.00040655138	6.1216815e-06
3.2753596	0.065287895	0.00038781510	5.9204987e-06
3.5096111	0.069957239	0.00036337178	5.5248033e-06
3.7606160	0.074960533	0.00033466296	4.9192664e-06
4.0295726	0.080321658	0.00031569835	4.5263171e-06
4.3177649	0.086066207	0.00030528140	4.1406514e-06
4.6265684	0.092221602	0.00028305693	3.4838578e-06
4.9574574	0.098817227	0.00027514431	3.3275026e-06
5.3120113	0.10588457	0.00025998485	3.1431228e-06
5.6919226	0.11345736	0.00024222785	2.6368946e-06
6.0990050	0.12157175	0.00022940696	2.5514498e-06
6.5352016	0.13026648	0.00021591307	2.3764994e-06
7.0025947	0.13958304	0.00020747639	2.2773612e-06
7.5034154	0.14956593	0.00019177518	1.9763288e-06
8.0400544	0.16026278	0.00018011008	1.7742276e-06
8.6150735	0.17172466	0.00016508300	1.5153135e-06
9.2312176	0.18400629	0.00015556066	1.4612370e-06
9.8914279	0.19716629	0.00014454099	1.4459873e-06
10.598856	0.21126749	0.00013462758	3.8678321e-06
11.356879	0.22637719	0.00012424746	3.3679432e-06
12.169115	0.24256753	0.00012297966	3.1212178e-06
13.039441	0.25991579	0.00010858480	2.3628486e-06
13.972013	0.27850479	0.00010796136	2.3794565e-06
14.971282	0.29842326	9.6684936e-05	2.0919006e-06
16.042018	0.31976628	9.2273725e-05	1.7887161e-06
17.189332	0.34263574	8.5733456e-05	1.6350879e-06
18.418701	0.36714081	8.4253363e-05	1.5549264e-06
19.735993	0.39339847	7.6199845e-05	1.3808625e-06
21.147498	0.42153405	6.9472035e-05	1.1749160e-06
22.659952	0.45168188	6.8083361e-05	1.1745666e-06
24.280576	0.48398585	6.4041665e-05	1.1097438e-06
26.017106	0.51860018	5.9290640e-05	9.8074585e-07
27.877832	0.55569011	5.8962379e-05	9.2461506e-07
29.871635	0.59543268	5.4495454e-05	7.7189718e-07
32.008033	0.63801761	5.1490894e-05	6.7666696e-07
34.297226	0.68364818	4.7737629e-05	6.5362562e-07
36.750139	0.73254223	4.5942993e-05	6.1154114e-07
39.378484	0.78493314	4.1185532e-05	5.0765898e-07
42.194806	0.84107101	3.9653615e-05	5.1606002e-07
45.212549	0.90122382	3.8048578e-05	4.4294462e-07
48.446119	0.96567873	3.6720044e-05	4.3111642e-07
51.910951	1.0347434	3.3824487e-05	3.6160323e-07
55.623587	1.1087475	3.2461985e-05	3.6112724e-07
59.601747	1.1880444	3.0702515e-05	3.0645058e-07
63.864422	1.2730125	2.8767117e-05	2.7785207e-07
68.431962	1.3640575	2.7585711e-05	2.6845075e-07
73.326168	1.4616139	2.5841592e-05	2.3240468e-07
78.570405	1.5661475	2.4135767e-05	2.2483405e-07
84.189705	1.6781573	2.2875311e-05	2.0076504e-07
90.210895	1.7981779	2.1333649e-05	1.5258367e-07
