# Pt	errPt	res	errRes
0.38482120	0.0076706588	0.0024953588	0.00037568812
0.41234334	0.0082192590	0.0018319907	7.0177884e-05
0.44183385	0.0088070947	0.0017432766	5.5458846e-05
0.47343350	0.0094369719	0.0016867930	4.9233295e-05
0.50729314	0.010111898	0.0016488510	4.4788465e-05
0.54357439	0.010835094	0.0015707430	4.3615233e-05
0.58245046	0.011610012	0.0014932483	4.0794209e-05
0.62410691	0.012440352	0.0014219605	5.1288998e-05
0.71657061	0.014283435	0.0087307002	0.0046702842
0.76781924	0.015304976	0.0015013316	0.00023086285
0.82273314	0.016399578	0.0011654268	4.2962087e-05
0.88157444	0.017572464	0.0010520897	2.1652333e-05
0.94462403	0.018829234	0.0010324390	1.9998559e-05
1.0121829	0.020175888	0.00093873051	1.7201847e-05
1.0845735	0.021618854	0.00091230023	1.8487587e-05
1.1621414	0.023165019	0.00080624439	2.2525637e-05
1.2452570	0.024821765	0.00077249679	2.1999858e-05
1.3343169	0.026597001	0.00074965801	1.8985665e-05
1.4297463	0.028499200	0.00070780902	1.6853113e-05
1.5320008	0.030537443	0.00069229575	1.7293524e-05
1.6415684	0.032721459	0.00062926475	1.6503621e-05
1.7589723	0.035061675	0.00059925902	1.2725887e-05
1.8847727	0.037569262	0.00055782491	1.1952531e-05
2.0195704	0.040256190	0.00055333490	1.0875542e-05
2.1640086	0.043135284	0.00049315046	9.0858663e-06
2.3187770	0.046220290	0.00047990301	9.0241008e-06
2.4846144	0.049525933	0.00043488302	7.7770970e-06
2.6623122	0.053067993	0.00042594274	7.8275544e-06
2.8527190	0.056863379	0.00040069109	6.5630162e-06
3.0567434	0.060930208	0.00036871655	5.8974164e-06
3.2753596	0.065287895	0.00034929272	5.4646139e-06
3.5096111	0.069957239	0.00032524928	5.0177184e-06
3.7606160	0.074960533	0.00029976967	4.5603303e-06
4.0295726	0.080321658	0.00028663866	4.0840462e-06
4.3177649	0.086066207	0.00027082231	3.6348646e-06
4.6265684	0.092221602	0.00025340420	3.3125575e-06
4.9574574	0.098817227	0.00023261479	3.1353399e-06
5.3120113	0.10588457	0.00022774832	2.8803243e-06
5.6919226	0.11345736	0.00021275134	2.6426531e-06
6.0990050	0.12157175	0.00019311634	2.1893213e-06
6.5352016	0.13026648	0.00018300039	2.0199083e-06
7.0025947	0.13958304	0.00017157112	1.9644181e-06
7.5034154	0.14956593	0.00016137911	1.6973889e-06
8.0400544	0.16026278	0.00015171965	1.5100265e-06
8.6150735	0.17172466	0.00014408566	1.3867749e-06
9.2312176	0.18400629	0.00013511519	1.2613216e-06
9.8914279	0.19716629	0.00012791858	1.2560344e-06
10.598856	0.21126749	0.00012070425	3.0920612e-06
11.356879	0.22637719	0.00011472884	3.6931890e-06
12.169115	0.24256753	0.00010885330	3.3226830e-06
13.039441	0.25991579	9.5956838e-05	2.7768632e-06
13.972013	0.27850479	9.7161963e-05	2.9626870e-06
14.971282	0.29842326	8.8935964e-05	2.3738068e-06
16.042018	0.31976628	8.2962000e-05	2.0228222e-06
17.189332	0.34263574	7.6951967e-05	1.9553216e-06
18.418701	0.36714081	7.3454534e-05	1.7198840e-06
19.735993	0.39339847	6.9989047e-05	1.4658907e-06
21.147498	0.42153405	6.5285114e-05	1.4779247e-06
22.659952	0.45168188	6.2960373e-05	1.1952282e-06
24.280576	0.48398585	6.0913612e-05	1.1440307e-06
26.017106	0.51860018	5.6622165e-05	1.0092212e-06
27.877832	0.55569011	5.2738965e-05	9.0651877e-07
29.871635	0.59543268	5.0165145e-05	8.2500341e-07
32.008033	0.63801761	4.9332059e-05	7.6404375e-07
34.297226	0.68364818	4.4627485e-05	6.7432149e-07
36.750139	0.73254223	4.1808083e-05	6.1061212e-07
39.378484	0.78493314	4.0160458e-05	5.5867868e-07
42.194806	0.84107101	3.8041095e-05	5.0784110e-07
45.212549	0.90122382	3.5326283e-05	4.1304436e-07
48.446119	0.96567873	3.4410611e-05	3.9271252e-07
51.910951	1.0347434	3.2395871e-05	3.5150160e-07
55.623587	1.1087475	2.9837845e-05	3.3163986e-07
59.601747	1.1880444	2.8390049e-05	2.9957140e-07
63.864422	1.2730125	2.6756429e-05	2.7629852e-07
68.431962	1.3640575	2.5351893e-05	2.5555715e-07
73.326168	1.4616139	2.3464484e-05	2.2963123e-07
78.570405	1.5661475	2.2532643e-05	2.0765307e-07
84.189705	1.6781573	2.0786417e-05	1.8691852e-07
90.210895	1.7981779	1.9774842e-05	1.7079620e-07
