# Pt	errPt	res	errRes
0.38482120	0.0076706588	0.0022278813	0.00026852584
0.41234334	0.0082192590	0.0020675274	7.3287777e-05
0.44183385	0.0088070947	0.0018430760	5.7056223e-05
0.47343350	0.0094369719	0.0017810397	5.8715046e-05
0.50729314	0.010111898	0.0016125177	4.6856026e-05
0.54357439	0.010835094	0.0014099948	3.7407561e-05
0.58245046	0.011610012	0.0014605177	3.7861009e-05
0.62410691	0.012440352	0.0013765847	3.7741905e-05
0.66874260	0.013330077	0.0016140372	0.00016630137
0.76781924	0.015304976	0.010162094	0.0058716899
0.82273314	0.016399578	0.0020827541	0.00083935035
0.88157444	0.017572464	0.0010458942	2.2129560e-05
0.94462403	0.018829234	0.00099423059	1.9958707e-05
1.0121829	0.020175888	0.00095940318	1.7134573e-05
1.0845735	0.021618854	0.00086793164	1.9046604e-05
1.1621414	0.023165019	0.00081681479	2.2446709e-05
1.2452570	0.024821765	0.00080388474	2.1570435e-05
1.3343169	0.026597001	0.00074351152	1.7570629e-05
1.4297463	0.028499200	0.00071774302	1.9939243e-05
1.5320008	0.030537443	0.00067679002	1.4810824e-05
1.6415684	0.032721459	0.00061158245	1.3639278e-05
1.7589723	0.035061675	0.00060357058	1.3779308e-05
1.8847727	0.037569262	0.00057153018	1.2970850e-05
2.0195704	0.040256190	0.00053145348	1.0431618e-05
2.1640086	0.043135284	0.00051766084	1.0726823e-05
2.3187770	0.046220290	0.00048908134	9.6572650e-06
2.4846144	0.049525933	0.00044351852	7.7600967e-06
2.6623122	0.053067993	0.00041631368	7.4092997e-06
2.8527190	0.056863379	0.00041333782	6.6250323e-06
3.0567434	0.060930208	0.00038217143	6.3100073e-06
3.2753596	0.065287895	0.00035247114	5.9884694e-06
3.5096111	0.069957239	0.00033120417	4.8956392e-06
3.7606160	0.074960533	0.00031512292	4.4452737e-06
4.0295726	0.080321658	0.00029419172	4.5800062e-06
4.3177649	0.086066207	0.00028356153	3.9195877e-06
4.6265684	0.092221602	0.00025135580	3.5311110e-06
4.9574574	0.098817227	0.00024142352	3.1197933e-06
5.3120113	0.10588457	0.00022958337	2.9096472e-06
5.6919226	0.11345736	0.00020909970	2.5638379e-06
6.0990050	0.12157175	0.00019814497	2.2675398e-06
6.5352016	0.13026648	0.00018365117	2.0312460e-06
7.0025947	0.13958304	0.00017416617	1.7945566e-06
7.5034154	0.14956593	0.00016319064	1.7160024e-06
8.0400544	0.16026278	0.00015199792	1.5423848e-06
8.6150735	0.17172466	0.00014333284	1.4126787e-06
9.2312176	0.18400629	0.00013534711	1.2636511e-06
9.8914279	0.19716629	0.00012770957	1.2920801e-06
10.598856	0.21126749	0.00011038425	2.8696721e-06
11.356879	0.22637719	0.00010533693	2.6011334e-06
12.169115	0.24256753	0.00010441354	2.5984300e-06
13.039441	0.25991579	9.1285009e-05	2.2231641e-06
13.972013	0.27850479	9.1034870e-05	2.1783575e-06
14.971282	0.29842326	8.6762551e-05	2.0961928e-06
16.042018	0.31976628	8.4684811e-05	1.9039973e-06
17.189332	0.34263574	7.4985594e-05	1.5710452e-06
18.418701	0.36714081	7.1908253e-05	1.4343833e-06
19.735993	0.39339847	6.7263522e-05	1.3308440e-06
21.147498	0.42153405	6.4266659e-05	1.2650014e-06
22.659952	0.45168188	6.5507849e-05	1.0588726e-06
24.280576	0.48398585	6.1102209e-05	1.0613024e-06
26.017106	0.51860018	5.5971381e-05	9.7230159e-07
27.877832	0.55569011	5.3772781e-05	8.2332361e-07
29.871635	0.59543268	5.1233764e-05	7.6336834e-07
32.008033	0.63801761	4.6640696e-05	6.3766668e-07
34.297226	0.68364818	4.4388805e-05	6.1534820e-07
36.750139	0.73254223	4.3750867e-05	5.9076269e-07
39.378484	0.78493314	4.1288154e-05	5.2870630e-07
42.194806	0.84107101	3.8526170e-05	4.6584781e-07
45.212549	0.90122382	3.5837868e-05	4.3078651e-07
48.446119	0.96567873	3.4389416e-05	3.8140287e-07
51.910951	1.0347434	3.2212309e-05	3.3623775e-07
55.623587	1.1087475	3.0453653e-05	3.3903815e-07
59.601747	1.1880444	2.8268347e-05	2.9281343e-07
63.864422	1.2730125	2.6886078e-05	2.6961673e-07
68.431962	1.3640575	2.5449300e-05	2.5519542e-07
73.326168	1.4616139	2.3326642e-05	2.2410203e-07
78.570405	1.5661475	2.3234131e-05	2.0619130e-07
84.189705	1.6781573	2.1292652e-05	1.7910200e-07
90.210895	1.7981779	1.9661857e-05	1.6968531e-07
