# Pt	errPt	res	errRes
0.50000000	0.28867513	4683.7358	589.76309
1.5000000	0.28867513	4048.4322	290.06441
2.5000000	0.28867513	668.22520	42.089092
3.5000000	0.28867513	309.18375	4.6191813
4.5000000	0.28867513	229.33855	2.2084744
5.5000000	0.28867513	188.87912	1.5409496
6.5000000	0.28867513	160.27952	1.2404577
7.5000000	0.28867513	141.16083	1.0684919
8.5000000	0.28867513	125.63763	0.94639857
9.5000000	0.28867513	111.48385	0.84869183
10.500000	0.28867513	104.54376	1.5783221
11.500000	0.28867513	88.182619	1.8614262
12.500000	0.28867513	84.032445	1.7292995
13.500000	0.28867513	79.584014	1.6824252
14.500000	0.28867513	71.671302	1.5175419
15.500000	0.28867513	66.826561	1.2971376
16.500000	0.28867513	65.636118	1.3461737
17.500000	0.28867513	61.341955	1.3105211
18.500000	0.28867513	59.367883	1.2455021
19.500000	0.28867513	57.625011	1.2171728
20.500000	0.28867513	55.702970	1.1686700
21.500000	0.28867513	49.800593	1.0940069
22.500000	0.28867513	50.244421	1.1191529
23.500000	0.28867513	46.902446	0.93184637
24.500000	0.28867513	45.220386	0.93392125
25.500000	0.28867513	45.835464	0.93289321
26.500000	0.28867513	44.045079	0.89037986
27.500000	0.28867513	42.454930	0.94061431
28.500000	0.28867513	41.684753	0.88452799
29.500000	0.28867513	39.011482	0.76517735
30.500000	0.28867513	39.197422	0.75300626
31.500000	0.28867513	38.479632	0.84303185
32.500000	0.28867513	37.341510	0.78768729
33.500000	0.28867513	38.113813	0.79259728
34.500000	0.28867513	35.146736	0.73775201
35.500000	0.28867513	34.304431	0.76926018
36.500000	0.28867513	33.633632	0.68881451
37.500000	0.28867513	33.605330	0.70211797
38.500000	0.28867513	33.973619	0.77170413
39.500000	0.28867513	31.939285	0.67434095
40.500000	0.28867513	31.916279	0.65084948
41.500000	0.28867513	31.011605	0.63845014
42.500000	0.28867513	31.384660	0.69859945
43.500000	0.28867513	31.160558	0.71766929
44.500000	0.28867513	29.092608	0.64221338
45.500000	0.28867513	29.650224	0.64600502
46.500000	0.28867513	28.864573	0.58280278
47.500000	0.28867513	29.564909	0.61741585
48.500000	0.28867513	27.658203	0.57606154
49.500000	0.28867513	27.145410	0.53749389
50.500000	0.28867513	26.979465	0.58305254
51.500000	0.28867513	27.511320	0.58734557
52.500000	0.28867513	26.726523	0.54841346
53.500000	0.28867513	25.585561	0.49978036
54.500000	0.28867513	25.448293	0.55927182
55.500000	0.28867513	25.561935	0.58778122
56.500000	0.28867513	26.269850	0.51888113
57.500000	0.28867513	25.329686	0.49071975
58.500000	0.28867513	25.191519	0.55245639
59.500000	0.28867513	24.271193	0.49562677
60.500000	0.28867513	23.642595	0.48752721
61.500000	0.28867513	23.031564	0.44080196
62.500000	0.28867513	24.196112	0.50764345
63.500000	0.28867513	22.476272	0.54549306
64.500000	0.28867513	23.436867	0.44849059
65.500000	0.28867513	22.607479	0.50612131
66.500000	0.28867513	22.059902	0.48677257
67.500000	0.28867513	21.682015	0.43397091
68.500000	0.28867513	20.467717	0.40123141
69.500000	0.28867513	20.941431	0.44870293
70.500000	0.28867513	21.538667	0.43308847
71.500000	0.28867513	21.817826	0.45633207
72.500000	0.28867513	21.682851	0.44608927
73.500000	0.28867513	20.791071	0.42970015
74.500000	0.28867513	20.789273	0.43043025
75.500000	0.28867513	21.591904	0.44558040
76.500000	0.28867513	20.927761	0.43466721
77.500000	0.28867513	19.875005	0.41395286
78.500000	0.28867513	20.698748	0.41297447
79.500000	0.28867513	20.046992	0.42029822
80.500000	0.28867513	19.295850	0.38584604
81.500000	0.28867513	19.926743	0.44358127
82.500000	0.28867513	20.429504	0.44540574
83.500000	0.28867513	20.062382	0.43294813
84.500000	0.28867513	19.414284	0.39740066
85.500000	0.28867513	19.003183	0.39650207
86.500000	0.28867513	18.394692	0.37112834
87.500000	0.28867513	18.908415	0.38297353
88.500000	0.28867513	19.262133	0.44787393
89.500000	0.28867513	18.077495	0.37120702
90.500000	0.28867513	18.078330	0.37634063
91.500000	0.28867513	18.574785	0.38355243
92.500000	0.28867513	18.324839	0.38518851
93.500000	0.28867513	17.332213	0.37371893
94.500000	0.28867513	18.114469	0.41725746
95.500000	0.28867513	17.265494	0.39828206
96.500000	0.28867513	16.734882	0.35159940
97.500000	0.28867513	16.844841	0.36892381
98.500000	0.28867513	17.197316	0.34114096
