# Pt	errPt	res	errRes
0.50000000	0.28867513	258.49650	2.1996160
1.5000000	0.28867513	136.75999	1.0543362
2.5000000	0.28867513	79.546133	0.59843135
3.5000000	0.28867513	58.370091	0.44761179
4.5000000	0.28867513	46.952633	0.34656668
5.5000000	0.28867513	40.741971	0.30311189
6.5000000	0.28867513	35.092321	0.25689346
7.5000000	0.28867513	31.950336	0.23402851
8.5000000	0.28867513	29.075904	0.21817049
9.5000000	0.28867513	26.757670	0.19442140
10.500000	0.28867513	25.092565	0.37961047
11.500000	0.28867513	23.351827	0.49950278
12.500000	0.28867513	20.643160	0.44671832
13.500000	0.28867513	20.945448	0.44296178
14.500000	0.28867513	18.839603	0.39123362
15.500000	0.28867513	18.783260	0.39382135
16.500000	0.28867513	18.161383	0.38333062
17.500000	0.28867513	16.470037	0.33525686
18.500000	0.28867513	16.208695	0.31602838
19.500000	0.28867513	15.619566	0.31334414
20.500000	0.28867513	15.144906	0.30749429
21.500000	0.28867513	15.110928	0.32778965
22.500000	0.28867513	14.876405	0.31265780
23.500000	0.28867513	14.155178	0.28598295
24.500000	0.28867513	13.883757	0.29971177
25.500000	0.28867513	12.788303	0.28351306
26.500000	0.28867513	12.994290	0.27665772
27.500000	0.28867513	12.239365	0.27666927
28.500000	0.28867513	12.613552	0.27184818
29.500000	0.28867513	11.679501	0.24617630
30.500000	0.28867513	11.783982	0.25713066
31.500000	0.28867513	11.016289	0.23864821
32.500000	0.28867513	11.135632	0.24223260
33.500000	0.28867513	10.468725	0.22324409
34.500000	0.28867513	10.467492	0.22902164
35.500000	0.28867513	10.771679	0.22032148
36.500000	0.28867513	10.675263	0.23664506
37.500000	0.28867513	9.9914181	0.21056769
38.500000	0.28867513	10.187327	0.23009482
39.500000	0.28867513	9.7911151	0.20431545
40.500000	0.28867513	9.4578503	0.20289179
41.500000	0.28867513	9.4258224	0.20565964
42.500000	0.28867513	9.0617575	0.21980972
43.500000	0.28867513	8.5667613	0.18335884
44.500000	0.28867513	8.9669103	0.19062657
45.500000	0.28867513	8.4736941	0.17175841
46.500000	0.28867513	8.3501933	0.18593670
47.500000	0.28867513	8.2177260	0.16603186
48.500000	0.28867513	8.4885469	0.17092576
49.500000	0.28867513	8.0344056	0.17000679
50.500000	0.28867513	7.6654545	0.16156573
51.500000	0.28867513	8.0128605	0.15330029
52.500000	0.28867513	7.6018682	0.15643339
53.500000	0.28867513	7.8648168	0.16556890
54.500000	0.28867513	7.9318076	0.15769890
55.500000	0.28867513	7.4451276	0.15596618
56.500000	0.28867513	7.3365516	0.16680945
57.500000	0.28867513	7.4610039	0.16009988
58.500000	0.28867513	7.5703866	0.16154224
59.500000	0.28867513	7.1411576	0.15286440
60.500000	0.28867513	7.2119263	0.16225675
61.500000	0.28867513	6.9609892	0.13452828
62.500000	0.28867513	7.2166653	0.14764893
63.500000	0.28867513	7.2088642	0.16392157
64.500000	0.28867513	6.9341320	0.14344596
65.500000	0.28867513	6.7886938	0.13529380
66.500000	0.28867513	6.8695333	0.13183556
67.500000	0.28867513	6.7007351	0.14135881
68.500000	0.28867513	6.4777837	0.13899504
69.500000	0.28867513	6.2643150	0.12411729
70.500000	0.28867513	6.3885875	0.14219833
71.500000	0.28867513	6.5689287	0.13320322
72.500000	0.28867513	6.3817601	0.13582122
73.500000	0.28867513	6.1511139	0.13071192
74.500000	0.28867513	5.9893115	0.12570742
75.500000	0.28867513	6.2122388	0.13582683
76.500000	0.28867513	6.1556995	0.14411122
77.500000	0.28867513	6.0883025	0.12003468
78.500000	0.28867513	6.0888507	0.13427211
79.500000	0.28867513	6.0551875	0.13090318
80.500000	0.28867513	6.4820103	0.13773862
81.500000	0.28867513	5.8892266	0.13528929
82.500000	0.28867513	5.8144455	0.13072348
83.500000	0.28867513	5.8956706	0.11593993
84.500000	0.28867513	5.7402711	0.11910617
85.500000	0.28867513	5.7791687	0.11321795
86.500000	0.28867513	5.9937350	0.12823758
87.500000	0.28867513	5.5951318	0.11689663
88.500000	0.28867513	5.6428208	0.12185140
89.500000	0.28867513	5.5927181	0.11069632
90.500000	0.28867513	5.4392035	0.11105140
91.500000	0.28867513	5.6851104	0.12728430
92.500000	0.28867513	5.7620973	0.12108611
93.500000	0.28867513	5.5462210	0.12535015
94.500000	0.28867513	5.3304393	0.11829584
95.500000	0.28867513	5.3486059	0.11901053
96.500000	0.28867513	5.4637675	0.11845791
97.500000	0.28867513	5.4287937	0.11749011
98.500000	0.28867513	5.3650348	0.12106978
