# Pt	errPt	res	errRes
0.50000000	0.28867513	106.01774	0.68022538
1.5000000	0.28867513	57.632548	0.41855181
2.5000000	0.28867513	35.403389	0.27394980
3.5000000	0.28867513	27.542260	0.20691078
4.5000000	0.28867513	22.972246	0.17037067
5.5000000	0.28867513	20.057588	0.15140650
6.5000000	0.28867513	17.836205	0.13080941
7.5000000	0.28867513	16.087309	0.11844623
8.5000000	0.28867513	14.768776	0.10615940
9.5000000	0.28867513	13.649071	0.099446492
10.500000	0.28867513	12.425886	0.20912554
11.500000	0.28867513	11.055138	0.24199095
12.500000	0.28867513	11.235108	0.24563186
13.500000	0.28867513	10.158525	0.20187363
14.500000	0.28867513	9.8104685	0.20517082
15.500000	0.28867513	9.1862657	0.19280675
16.500000	0.28867513	8.9904564	0.18416059
17.500000	0.28867513	8.7233801	0.18753245
18.500000	0.28867513	8.1232064	0.16653561
19.500000	0.28867513	8.2651271	0.20058598
20.500000	0.28867513	7.7006695	0.17146263
21.500000	0.28867513	7.3060793	0.15345872
22.500000	0.28867513	7.2733564	0.15028906
23.500000	0.28867513	6.6014511	0.13086265
24.500000	0.28867513	7.0973648	0.13948610
25.500000	0.28867513	6.6602200	0.13739059
26.500000	0.28867513	6.4842156	0.14454023
27.500000	0.28867513	6.2244153	0.13421487
28.500000	0.28867513	5.9621808	0.12710650
29.500000	0.28867513	6.3504594	0.14259404
30.500000	0.28867513	5.8991570	0.13234046
31.500000	0.28867513	5.7837216	0.12247753
32.500000	0.28867513	5.5083691	0.10878799
33.500000	0.28867513	5.6628698	0.12061912
34.500000	0.28867513	5.4868838	0.11722498
35.500000	0.28867513	5.3353450	0.10625031
36.500000	0.28867513	5.3596813	0.11833190
37.500000	0.28867513	5.1406574	0.11151554
38.500000	0.28867513	5.2247508	0.12207408
39.500000	0.28867513	5.1656590	0.10900377
40.500000	0.28867513	5.0548810	0.10398976
41.500000	0.28867513	5.0072555	0.10395013
42.500000	0.28867513	5.0228705	0.10750722
43.500000	0.28867513	4.7373514	0.099597395
44.500000	0.28867513	4.9961132	0.10379883
45.500000	0.28867513	4.9361676	0.10612338
46.500000	0.28867513	4.9515405	0.11427850
47.500000	0.28867513	4.7839087	0.091724422
48.500000	0.28867513	4.9383430	0.099098903
49.500000	0.28867513	4.4457732	0.091431166
50.500000	0.28867513	4.6181577	0.095866191
51.500000	0.28867513	4.6771106	0.097759988
52.500000	0.28867513	4.7750984	0.098799220
53.500000	0.28867513	4.4710146	0.10348183
54.500000	0.28867513	4.5701208	0.090550769
55.500000	0.28867513	4.4984836	0.097728874
56.500000	0.28867513	4.4958476	0.093930380
57.500000	0.28867513	4.6681073	0.10375645
58.500000	0.28867513	4.2248693	0.080574687
59.500000	0.28867513	4.2905222	0.084828083
60.500000	0.28867513	4.4949942	0.089682895
61.500000	0.28867513	4.3371048	0.087392379
62.500000	0.28867513	4.4589052	0.096856466
63.500000	0.28867513	4.1716635	0.086229829
64.500000	0.28867513	4.1451288	0.086471070
65.500000	0.28867513	4.1308533	0.083012317
66.500000	0.28867513	4.5503897	0.097367910
67.500000	0.28867513	4.1737571	0.090015982
68.500000	0.28867513	4.1410884	0.087444822
69.500000	0.28867513	4.2401864	0.085918716
70.500000	0.28867513	4.1299417	0.079587364
71.500000	0.28867513	4.1106754	0.082467023
72.500000	0.28867513	3.9121141	0.081678530
73.500000	0.28867513	4.0427451	0.081301966
74.500000	0.28867513	4.1314194	0.089461972
75.500000	0.28867513	4.1054334	0.089887143
76.500000	0.28867513	4.0752495	0.082377102
77.500000	0.28867513	4.2191603	0.084512729
78.500000	0.28867513	4.1360037	0.085959907
79.500000	0.28867513	4.0880546	0.086893324
80.500000	0.28867513	4.1264735	0.082305746
81.500000	0.28867513	4.0068269	0.082832104
82.500000	0.28867513	4.0314096	0.081133986
83.500000	0.28867513	3.9768337	0.090258735
84.500000	0.28867513	4.0910857	0.081385418
85.500000	0.28867513	3.9604104	0.077073375
86.500000	0.28867513	4.0132346	0.080312507
87.500000	0.28867513	4.0055071	0.088970116
88.500000	0.28867513	3.9889832	0.078936167
89.500000	0.28867513	3.8744755	0.077578336
90.500000	0.28867513	3.7920468	0.079855278
91.500000	0.28867513	4.1275982	0.086869327
92.500000	0.28867513	3.9012685	0.088216611
93.500000	0.28867513	4.1367067	0.085493718
94.500000	0.28867513	3.9247695	0.087272230
95.500000	0.28867513	3.8713099	0.081466732
96.500000	0.28867513	3.7535658	0.084300047
97.500000	0.28867513	3.9422554	0.080642405
98.500000	0.28867513	3.9138797	0.080159460
