# Pt	errPt	res	errRes
0.50000000	0.28867513	60.696976	0.38098368
1.5000000	0.28867513	34.421598	0.24471528
2.5000000	0.28867513	22.620654	0.17071333
3.5000000	0.28867513	17.793849	0.12864559
4.5000000	0.28867513	14.806849	0.10902974
5.5000000	0.28867513	12.888161	0.091678091
6.5000000	0.28867513	11.511646	0.083244215
7.5000000	0.28867513	10.263567	0.074161620
8.5000000	0.28867513	9.2013597	0.064861348
9.5000000	0.28867513	8.4751562	0.063965445
10.500000	0.28867513	7.9535495	0.12893535
11.500000	0.28867513	7.0423114	0.14405313
12.500000	0.28867513	7.0114087	0.14134158
13.500000	0.28867513	6.4546259	0.13718602
14.500000	0.28867513	6.4551110	0.12935913
15.500000	0.28867513	6.0563835	0.12135675
16.500000	0.28867513	5.7522151	0.11280545
17.500000	0.28867513	5.7036296	0.12766944
18.500000	0.28867513	5.4862346	0.11884523
19.500000	0.28867513	5.1727823	0.11360098
20.500000	0.28867513	4.9771761	0.10421525
21.500000	0.28867513	4.9216837	0.095720242
22.500000	0.28867513	5.0095103	0.10423949
23.500000	0.28867513	5.0071627	0.10664887
24.500000	0.28867513	4.6295298	0.10778761
25.500000	0.28867513	4.7187100	0.094655629
26.500000	0.28867513	4.6277796	0.098633176
27.500000	0.28867513	4.6829743	0.10813238
28.500000	0.28867513	4.4048618	0.098738137
29.500000	0.28867513	4.4872126	0.10539398
30.500000	0.28867513	4.4039709	0.091912133
31.500000	0.28867513	4.5512300	0.093966493
32.500000	0.28867513	4.2508553	0.098184098
33.500000	0.28867513	4.3543144	0.088962632
34.500000	0.28867513	4.2139781	0.087912821
35.500000	0.28867513	4.0869461	0.079210208
36.500000	0.28867513	4.0375993	0.079250452
37.500000	0.28867513	4.2660007	0.092068385
38.500000	0.28867513	4.0996800	0.087468385
39.500000	0.28867513	4.0178610	0.082283106
40.500000	0.28867513	4.0172690	0.083774898
41.500000	0.28867513	4.0313997	0.084371765
42.500000	0.28867513	4.0751732	0.092558425
43.500000	0.28867513	4.0427762	0.083492423
44.500000	0.28867513	3.9972555	0.084038883
45.500000	0.28867513	3.9474434	0.074152233
46.500000	0.28867513	4.0241976	0.082321532
47.500000	0.28867513	3.9048725	0.085476728
48.500000	0.28867513	4.0837108	0.084081720
49.500000	0.28867513	4.0040115	0.090024889
50.500000	0.28867513	3.8251073	0.079599187
51.500000	0.28867513	3.9793791	0.085167235
52.500000	0.28867513	4.0528759	0.079432540
53.500000	0.28867513	3.9417638	0.086066471
54.500000	0.28867513	3.8465153	0.080930983
55.500000	0.28867513	3.6814018	0.071501227
56.500000	0.28867513	3.7663900	0.082165012
57.500000	0.28867513	3.8398948	0.079462186
58.500000	0.28867513	3.7587229	0.080584649
59.500000	0.28867513	3.7584518	0.080963560
60.500000	0.28867513	3.8618179	0.081961129
61.500000	0.28867513	3.6741118	0.077605917
62.500000	0.28867513	3.6188181	0.075755906
63.500000	0.28867513	3.6446474	0.081502215
64.500000	0.28867513	3.6278593	0.079052458
65.500000	0.28867513	3.7360429	0.080384784
66.500000	0.28867513	3.6011899	0.075280831
67.500000	0.28867513	3.6499617	0.082520800
68.500000	0.28867513	3.5748292	0.072798545
69.500000	0.28867513	3.8777516	0.082226745
70.500000	0.28867513	3.6579823	0.078215619
71.500000	0.28867513	3.6150419	0.079012948
72.500000	0.28867513	3.6201367	0.086389678
73.500000	0.28867513	3.7163380	0.080200367
74.500000	0.28867513	3.9495294	0.082590015
75.500000	0.28867513	3.6659147	0.073735338
76.500000	0.28867513	3.6362883	0.077367292
77.500000	0.28867513	3.4395325	0.074132353
78.500000	0.28867513	3.6004880	0.073016524
79.500000	0.28867513	3.5321097	0.073388004
80.500000	0.28867513	3.6216997	0.078818657
81.500000	0.28867513	3.5744428	0.075201062
82.500000	0.28867513	3.5898796	0.077255659
83.500000	0.28867513	3.5919134	0.077489330
84.500000	0.28867513	3.4723062	0.074325059
85.500000	0.28867513	3.4933973	0.070822619
86.500000	0.28867513	3.6324942	0.080178411
87.500000	0.28867513	3.5767450	0.079172843
88.500000	0.28867513	3.6694840	0.074904384
89.500000	0.28867513	3.4717601	0.076132604
90.500000	0.28867513	3.8084227	0.064639227
91.500000	0.28867513	3.5663817	0.056210456
92.500000	0.28867513	3.6385468	0.059886717
93.500000	0.28867513	3.5216774	0.053114490
94.500000	0.28867513	3.6340852	0.056454018
95.500000	0.28867513	3.6337502	0.056066755
96.500000	0.28867513	3.5887401	0.053061508
97.500000	0.28867513	3.5160311	0.050852501
98.500000	0.28867513	3.5488031	0.053988883
