# Pt	errPt	res	errRes
0.50000000	0.28867513	48.737782	0.52050783
1.5000000	0.28867513	27.119065	0.20636379
2.5000000	0.28867513	19.216748	0.14143563
3.5000000	0.28867513	15.043442	0.11350342
4.5000000	0.28867513	12.556364	0.088716283
5.5000000	0.28867513	10.744864	0.080121790
6.5000000	0.28867513	9.4255459	0.069183555
7.5000000	0.28867513	8.4698124	0.061283605
8.5000000	0.28867513	7.8031155	0.058196508
9.5000000	0.28867513	7.1709590	0.052608680
10.500000	0.28867513	6.7226979	0.10050238
11.500000	0.28867513	6.3895763	0.13340540
12.500000	0.28867513	5.7207054	0.13384864
13.500000	0.28867513	5.4780966	0.10909981
14.500000	0.28867513	5.2439289	0.11242332
15.500000	0.28867513	5.2654574	0.11006879
16.500000	0.28867513	5.0745353	0.10543282
17.500000	0.28867513	4.9463214	0.10390338
18.500000	0.28867513	4.8079449	0.10377784
19.500000	0.28867513	4.7747875	0.098290981
20.500000	0.28867513	4.7431099	0.10364114
21.500000	0.28867513	4.4916710	0.097919859
22.500000	0.28867513	4.7904326	0.099578735
23.500000	0.28867513	4.2242841	0.095123252
24.500000	0.28867513	4.3025897	0.089114424
25.500000	0.28867513	4.3310912	0.096783344
26.500000	0.28867513	4.3576597	0.084931213
27.500000	0.28867513	4.3846791	0.10318031
28.500000	0.28867513	4.3207116	0.090568817
29.500000	0.28867513	4.2226957	0.090944063
30.500000	0.28867513	4.1742011	0.089324033
31.500000	0.28867513	4.1401887	0.093685222
32.500000	0.28867513	4.1112121	0.091719781
33.500000	0.28867513	3.8866864	0.076086226
34.500000	0.28867513	3.9121942	0.079093069
35.500000	0.28867513	3.8150778	0.076738456
36.500000	0.28867513	3.8300185	0.093115813
37.500000	0.28867513	3.9485509	0.085094970
38.500000	0.28867513	3.9133498	0.085011225
39.500000	0.28867513	3.7431946	0.076722055
40.500000	0.28867513	3.8462606	0.079299020
41.500000	0.28867513	4.0437401	0.086247695
42.500000	0.28867513	3.7947039	0.075429874
43.500000	0.28867513	4.0676573	0.087271695
44.500000	0.28867513	3.7405042	0.077192590
45.500000	0.28867513	3.8147106	0.079484822
46.500000	0.28867513	3.7942351	0.077734759
47.500000	0.28867513	3.7485889	0.077613894
48.500000	0.28867513	3.8048900	0.081114265
49.500000	0.28867513	3.6425121	0.075963515
50.500000	0.28867513	3.7990640	0.081865603
51.500000	0.28867513	3.6646625	0.080071674
52.500000	0.28867513	3.6028537	0.071430244
53.500000	0.28867513	3.8298300	0.080325358
54.500000	0.28867513	3.5803407	0.078322887
55.500000	0.28867513	3.6061522	0.075943654
56.500000	0.28867513	3.7489419	0.076435347
57.500000	0.28867513	3.5726929	0.074330686
58.500000	0.28867513	3.5475036	0.067569444
59.500000	0.28867513	3.6659762	0.077610047
60.500000	0.28867513	3.6006619	0.076879969
61.500000	0.28867513	3.6114520	0.076963127
62.500000	0.28867513	3.6128489	0.073044486
63.500000	0.28867513	3.5433379	0.071633579
64.500000	0.28867513	3.5561137	0.072343874
65.500000	0.28867513	3.7016176	0.075951958
66.500000	0.28867513	3.7179975	0.078083534
67.500000	0.28867513	3.5745396	0.074385557
68.500000	0.28867513	3.7196955	0.077847168
69.500000	0.28867513	3.4783261	0.072423338
70.500000	0.28867513	3.6570763	0.081141978
71.500000	0.28867513	3.2789939	0.073911596
72.500000	0.28867513	3.4827359	0.079887937
73.500000	0.28867513	3.4736833	0.075980863
74.500000	0.28867513	3.5862820	0.068065362
75.500000	0.28867513	3.3496572	0.062533412
76.500000	0.28867513	3.4647892	0.073247976
77.500000	0.28867513	3.5268612	0.071926469
78.500000	0.28867513	3.5879876	0.069707367
79.500000	0.28867513	3.5761064	0.071888480
80.500000	0.28867513	3.5000181	0.075018219
81.500000	0.28867513	3.5590686	0.080681930
82.500000	0.28867513	3.4685933	0.075248577
83.500000	0.28867513	3.4736698	0.070178529
84.500000	0.28867513	3.6008569	0.081799892
85.500000	0.28867513	3.5468786	0.073790122
86.500000	0.28867513	3.5126199	0.070017825
87.500000	0.28867513	3.5220733	0.081796060
88.500000	0.28867513	3.5467935	0.077251725
89.500000	0.28867513	3.3617870	0.070691851
90.500000	0.28867513	3.3445396	0.068773754
91.500000	0.28867513	3.5575590	0.077031958
92.500000	0.28867513	3.4394761	0.071782091
93.500000	0.28867513	3.4232364	0.068849279
94.500000	0.28867513	3.4143359	0.075349768
95.500000	0.28867513	3.5540492	0.082525489
96.500000	0.28867513	3.3982244	0.063863862
97.500000	0.28867513	3.4142363	0.071426670
98.500000	0.28867513	3.3371103	0.072747208
