# Pt	errPt	res	errRes
0.50000000	0.28867513	35.513887	0.42559745
1.5000000	0.28867513	19.282794	0.14562417
2.5000000	0.28867513	13.228172	0.10013673
3.5000000	0.28867513	10.192776	0.074739699
4.5000000	0.28867513	8.4307461	0.060883139
5.5000000	0.28867513	7.3467507	0.054356940
6.5000000	0.28867513	6.4405186	0.047078498
7.5000000	0.28867513	5.9604747	0.042453998
8.5000000	0.28867513	5.6246616	0.040672560
9.5000000	0.28867513	5.3113995	0.037576098
10.500000	0.28867513	4.9876731	0.076859832
11.500000	0.28867513	4.7988958	0.095608454
12.500000	0.28867513	4.4830850	0.089307376
13.500000	0.28867513	4.3803921	0.091481806
14.500000	0.28867513	4.3425845	0.085732034
15.500000	0.28867513	4.3193189	0.092114438
16.500000	0.28867513	3.9948620	0.092480066
17.500000	0.28867513	3.9766453	0.090233353
18.500000	0.28867513	4.0746218	0.089267217
19.500000	0.28867513	4.1574399	0.086986602
20.500000	0.28867513	4.0429028	0.085033739
21.500000	0.28867513	3.8197985	0.076420235
22.500000	0.28867513	3.8681294	0.077087028
23.500000	0.28867513	3.9264594	0.076753916
24.500000	0.28867513	3.6757913	0.081161436
25.500000	0.28867513	3.7243193	0.072882564
26.500000	0.28867513	3.7413888	0.080944178
27.500000	0.28867513	3.7887398	0.079638395
28.500000	0.28867513	3.9444135	0.082412569
29.500000	0.28867513	3.7324329	0.081995887
30.500000	0.28867513	3.7625542	0.079348527
31.500000	0.28867513	3.6611519	0.080693402
32.500000	0.28867513	3.6225157	0.077766008
33.500000	0.28867513	3.5398644	0.073265250
34.500000	0.28867513	3.6443829	0.074321119
35.500000	0.28867513	3.5371678	0.070944069
36.500000	0.28867513	3.7602600	0.081440991
37.500000	0.28867513	3.7797788	0.084898992
38.500000	0.28867513	3.5661216	0.069866216
39.500000	0.28867513	3.5745595	0.080241800
40.500000	0.28867513	3.4619306	0.078340849
41.500000	0.28867513	3.5018323	0.070469577
42.500000	0.28867513	3.7939490	0.083375814
43.500000	0.28867513	3.4252551	0.067201290
44.500000	0.28867513	3.6004538	0.072043497
45.500000	0.28867513	3.3354384	0.072562203
46.500000	0.28867513	3.6570034	0.075574364
47.500000	0.28867513	3.4896432	0.074777543
48.500000	0.28867513	3.5263477	0.074093922
49.500000	0.28867513	3.4521913	0.074264740
50.500000	0.28867513	3.3934864	0.066984538
51.500000	0.28867513	3.4598078	0.066583192
52.500000	0.28867513	3.4634801	0.076170894
53.500000	0.28867513	3.4580628	0.070953738
54.500000	0.28867513	3.4837960	0.073914795
55.500000	0.28867513	3.4756795	0.070378172
56.500000	0.28867513	3.4576230	0.071082515
57.500000	0.28867513	3.3811541	0.071397972
58.500000	0.28867513	3.3184933	0.068815590
59.500000	0.28867513	3.3204294	0.069278971
60.500000	0.28867513	3.3727578	0.071802266
61.500000	0.28867513	3.5106288	0.078981666
62.500000	0.28867513	3.3945434	0.069142556
63.500000	0.28867513	3.4645984	0.074301187
64.500000	0.28867513	3.4215548	0.070869223
65.500000	0.28867513	3.4294888	0.074138058
66.500000	0.28867513	3.1950139	0.066478397
67.500000	0.28867513	3.3665934	0.067956799
68.500000	0.28867513	3.4110800	0.066362201
69.500000	0.28867513	3.3705550	0.070881477
70.500000	0.28867513	3.3960181	0.072406458
71.500000	0.28867513	3.2737552	0.065908799
72.500000	0.28867513	3.3339734	0.066705129
73.500000	0.28867513	3.3805373	0.067249961
74.500000	0.28867513	3.2352529	0.068137926
75.500000	0.28867513	3.3411989	0.074318686
76.500000	0.28867513	3.3802899	0.075667010
77.500000	0.28867513	3.4379562	0.070250300
78.500000	0.28867513	3.3941016	0.075686080
79.500000	0.28867513	3.2488356	0.070135112
80.500000	0.28867513	3.3758914	0.069538862
81.500000	0.28867513	3.3253579	0.070177996
82.500000	0.28867513	3.3022119	0.065250008
83.500000	0.28867513	3.3270698	0.067329530
84.500000	0.28867513	3.2577911	0.069649984
85.500000	0.28867513	3.3409685	0.069374852
86.500000	0.28867513	3.2917347	0.067829244
87.500000	0.28867513	3.4627373	0.076227241
88.500000	0.28867513	3.2746575	0.062706307
89.500000	0.28867513	3.3858984	0.068287648
90.500000	0.28867513	3.3609961	0.067808786
91.500000	0.28867513	3.3565294	0.067460610
92.500000	0.28867513	3.3160437	0.071597005
93.500000	0.28867513	3.5155583	0.074440574
94.500000	0.28867513	3.2356869	0.064844782
95.500000	0.28867513	3.3865922	0.066291847
96.500000	0.28867513	3.3768394	0.069245811
97.500000	0.28867513	3.3072471	0.067239945
98.500000	0.28867513	3.3750184	0.076062937
