# Pt	errPt	res	errRes
0.50000000	0.28867513	28.807380	0.25119269
1.5000000	0.28867513	16.142875	0.11435325
2.5000000	0.28867513	10.855320	0.081694930
3.5000000	0.28867513	8.3975019	0.062781207
4.5000000	0.28867513	7.0139805	0.053518861
5.5000000	0.28867513	6.1887163	0.045088284
6.5000000	0.28867513	5.5481881	0.038748202
7.5000000	0.28867513	5.2758827	0.037593988
8.5000000	0.28867513	4.9232170	0.034987036
9.5000000	0.28867513	4.7559767	0.033306238
10.500000	0.28867513	4.5167396	0.072844226
11.500000	0.28867513	4.2554560	0.089478349
12.500000	0.28867513	4.1874237	0.096545822
13.500000	0.28867513	4.1278313	0.087008354
14.500000	0.28867513	3.9473264	0.091054265
15.500000	0.28867513	3.9834793	0.092655667
16.500000	0.28867513	3.8662513	0.090415536
17.500000	0.28867513	4.0964902	0.092643217
18.500000	0.28867513	3.8459427	0.088350486
19.500000	0.28867513	3.9623118	0.091331977
20.500000	0.28867513	3.7537269	0.092010505
21.500000	0.28867513	3.8055144	0.075421374
22.500000	0.28867513	3.6875941	0.078091054
23.500000	0.28867513	3.6047008	0.081847432
24.500000	0.28867513	3.5629818	0.082790842
25.500000	0.28867513	3.8197643	0.089839363
26.500000	0.28867513	3.6492560	0.082255378
27.500000	0.28867513	3.5700250	0.083615675
28.500000	0.28867513	3.6492532	0.084190278
29.500000	0.28867513	3.4569094	0.082458511
30.500000	0.28867513	3.5448062	0.078140503
31.500000	0.28867513	3.6242701	0.085537647
32.500000	0.28867513	3.4946744	0.079033905
33.500000	0.28867513	3.5235059	0.083286907
34.500000	0.28867513	3.4275042	0.081329354
35.500000	0.28867513	3.5598543	0.077702148
36.500000	0.28867513	3.5344411	0.079716822
37.500000	0.28867513	3.4061318	0.077482625
38.500000	0.28867513	3.4443378	0.072629900
39.500000	0.28867513	3.5985530	0.078557549
40.500000	0.28867513	3.4173684	0.070533271
41.500000	0.28867513	3.4601324	0.070838787
42.500000	0.28867513	3.5022845	0.070245554
43.500000	0.28867513	3.5017165	0.067392245
44.500000	0.28867513	3.5557939	0.073248005
45.500000	0.28867513	3.3574091	0.073378640
46.500000	0.28867513	3.3414702	0.069109282
47.500000	0.28867513	3.5187081	0.075873496
48.500000	0.28867513	3.4448679	0.074363079
49.500000	0.28867513	3.4723727	0.069434292
50.500000	0.28867513	3.4071728	0.074683719
51.500000	0.28867513	3.5605570	0.070268583
52.500000	0.28867513	3.5721529	0.078301852
53.500000	0.28867513	3.5361771	0.074698959
54.500000	0.28867513	3.5176377	0.074699471
55.500000	0.28867513	3.2998793	0.069372810
56.500000	0.28867513	3.6379075	0.078414488
57.500000	0.28867513	3.3647612	0.071992887
58.500000	0.28867513	3.3826617	0.068141606
59.500000	0.28867513	3.3476958	0.066866552
60.500000	0.28867513	3.4701166	0.072555243
61.500000	0.28867513	3.1799036	0.064618766
62.500000	0.28867513	3.2918841	0.069152553
63.500000	0.28867513	3.3069603	0.064692086
64.500000	0.28867513	3.3337303	0.069548777
65.500000	0.28867513	3.4785183	0.072367697
66.500000	0.28867513	3.3638927	0.074952748
67.500000	0.28867513	3.3669902	0.067092927
68.500000	0.28867513	3.4340102	0.075188867
69.500000	0.28867513	3.2694615	0.066855496
70.500000	0.28867513	3.2762543	0.069973365
71.500000	0.28867513	3.3817710	0.072903170
72.500000	0.28867513	3.4336855	0.066965823
73.500000	0.28867513	3.4565222	0.075338454
74.500000	0.28867513	3.4001628	0.069739649
75.500000	0.28867513	3.4086998	0.068414606
76.500000	0.28867513	3.2812794	0.066848824
77.500000	0.28867513	3.2810837	0.073057127
78.500000	0.28867513	3.3781062	0.065595689
79.500000	0.28867513	3.3340796	0.068688872
80.500000	0.28867513	3.4137663	0.069536550
81.500000	0.28867513	3.2759732	0.062907540
82.500000	0.28867513	3.3772954	0.065692494
83.500000	0.28867513	3.2602643	0.066239290
84.500000	0.28867513	3.1990629	0.067178670
85.500000	0.28867513	3.4857343	0.074083182
86.500000	0.28867513	3.2687238	0.068769505
87.500000	0.28867513	3.2919047	0.066639696
88.500000	0.28867513	3.2930266	0.067681033
89.500000	0.28867513	3.3818457	0.072921544
90.500000	0.28867513	3.1739069	0.068873033
91.500000	0.28867513	3.2155359	0.066683403
92.500000	0.28867513	3.1669078	0.066929826
93.500000	0.28867513	3.2993604	0.066730671
94.500000	0.28867513	3.3488493	0.072407255
95.500000	0.28867513	3.2789859	0.063438143
96.500000	0.28867513	3.2086165	0.067044493
97.500000	0.28867513	3.1244645	0.073198646
98.500000	0.28867513	3.4204586	0.069582728
