# Pt	errPt	res	errRes
0.50000000	0.28867513	26.479529	0.22189850
1.5000000	0.28867513	15.353341	0.11290767
2.5000000	0.28867513	10.201358	0.077126180
3.5000000	0.28867513	7.7471679	0.055374888
4.5000000	0.28867513	6.5892424	0.047596407
5.5000000	0.28867513	5.8871999	0.042806201
6.5000000	0.28867513	5.3008366	0.037674911
7.5000000	0.28867513	5.0433219	0.035561709
8.5000000	0.28867513	4.7899744	0.033664383
9.5000000	0.28867513	4.5346115	0.032916079
10.500000	0.28867513	4.4188925	0.067363926
11.500000	0.28867513	4.2840618	0.10327152
12.500000	0.28867513	4.3422285	0.11632793
13.500000	0.28867513	3.9566271	0.10824049
14.500000	0.28867513	3.9397175	0.10669080
15.500000	0.28867513	3.7772149	0.11154604
16.500000	0.28867513	3.8252571	0.10079801
17.500000	0.28867513	3.7490641	0.10658501
18.500000	0.28867513	3.7861563	0.10252707
19.500000	0.28867513	3.6617569	0.098040244
20.500000	0.28867513	3.7311838	0.10689009
21.500000	0.28867513	3.9752774	0.11186429
22.500000	0.28867513	3.7455884	0.10122797
23.500000	0.28867513	3.6323001	0.10166030
24.500000	0.28867513	3.6526871	0.10503331
25.500000	0.28867513	3.6291081	0.093311577
26.500000	0.28867513	3.6755722	0.10272200
27.500000	0.28867513	3.7913781	0.099772090
28.500000	0.28867513	3.5701111	0.092424237
29.500000	0.28867513	3.3609871	0.078948367
30.500000	0.28867513	3.6961933	0.095965014
31.500000	0.28867513	3.5986460	0.091799739
32.500000	0.28867513	3.6312391	0.090156536
33.500000	0.28867513	3.3584399	0.076113244
34.500000	0.28867513	3.4571949	0.082486157
35.500000	0.28867513	3.4905644	0.084286217
36.500000	0.28867513	3.4859900	0.085598711
37.500000	0.28867513	3.4204033	0.078285188
38.500000	0.28867513	3.4138949	0.076547173
39.500000	0.28867513	3.4782168	0.078748042
40.500000	0.28867513	3.2735382	0.071264530
41.500000	0.28867513	3.4165722	0.073712487
42.500000	0.28867513	3.4365806	0.072243284
43.500000	0.28867513	3.3984795	0.069591732
44.500000	0.28867513	3.4641092	0.074495802
45.500000	0.28867513	3.3911306	0.069968031
46.500000	0.28867513	3.4795298	0.069063939
47.500000	0.28867513	3.4202321	0.069527052
48.500000	0.28867513	3.3589008	0.072822870
49.500000	0.28867513	3.4631808	0.073008570
50.500000	0.28867513	3.5125173	0.073607223
51.500000	0.28867513	3.4351039	0.070154823
52.500000	0.28867513	3.3403696	0.067802646
53.500000	0.28867513	3.2711105	0.069581911
54.500000	0.28867513	3.2726868	0.071774979
55.500000	0.28867513	3.4718117	0.072932165
56.500000	0.28867513	3.3541118	0.066597681
57.500000	0.28867513	3.2921884	0.069713297
58.500000	0.28867513	3.4178678	0.073089102
59.500000	0.28867513	3.2092373	0.065495090
60.500000	0.28867513	3.3199491	0.074094573
61.500000	0.28867513	3.2308590	0.065244785
62.500000	0.28867513	3.4328019	0.071589878
63.500000	0.28867513	3.3972509	0.069853485
64.500000	0.28867513	3.3428959	0.069751338
65.500000	0.28867513	3.2411820	0.066509949
66.500000	0.28867513	3.2032558	0.068264254
67.500000	0.28867513	3.3820074	0.076226157
68.500000	0.28867513	3.4598770	0.074610870
69.500000	0.28867513	3.3321019	0.070276890
70.500000	0.28867513	3.3641946	0.072361851
71.500000	0.28867513	3.2469217	0.070560111
72.500000	0.28867513	3.4262778	0.072924306
73.500000	0.28867513	3.3296616	0.067532956
74.500000	0.28867513	3.4084969	0.071331879
75.500000	0.28867513	3.4017003	0.071378275
76.500000	0.28867513	3.3306274	0.071196919
77.500000	0.28867513	3.3773319	0.073949960
78.500000	0.28867513	3.2767173	0.063628159
79.500000	0.28867513	3.4164825	0.069279581
80.500000	0.28867513	3.2579384	0.065097348
81.500000	0.28867513	3.3297280	0.063816076
82.500000	0.28867513	3.3100601	0.068072382
83.500000	0.28867513	3.3920046	0.070300913
84.500000	0.28867513	3.3006403	0.065087174
85.500000	0.28867513	3.2697077	0.067047250
86.500000	0.28867513	3.3915219	0.072970095
87.500000	0.28867513	3.1710646	0.065505291
88.500000	0.28867513	3.3322848	0.067209874
89.500000	0.28867513	3.4112657	0.069604731
90.500000	0.28867513	3.3912091	0.071188839
91.500000	0.28867513	3.2484472	0.062274588
92.500000	0.28867513	3.3869749	0.073325639
93.500000	0.28867513	3.4599136	0.070576500
94.500000	0.28867513	3.1614805	0.067830304
95.500000	0.28867513	3.3357496	0.071368005
96.500000	0.28867513	3.2543600	0.068596322
97.500000	0.28867513	3.2416564	0.065712722
98.500000	0.28867513	3.3112302	0.066308416
